2202162
148838
51477
365331
382313
60189
1311341
49715
1428125
58447
59470
80500
71525
7444
62149
52822
65606
51701
25871341
304716
47796
16239
60199
52411
165475
2978650
1059668
90689
174737
114686
286393
295480
50046
54224
21335
304751
36966057
62422
1473946
304938
51684
102269
58446
1473947
186382
214885
3716089
14296
167454
443174
120027
109166
36966065
218657
556706
1543125
288247
62273
2108121
87565
162109
114690
175905
72596
122604
2067731
3720376
2442172567
272644
122586
61315
5326784
3630439
62428
162050
162061
61320
49915
307833
214665
536780
44915
347950
304934
2145268
439840
435514
439841
336075
2907540
192756
184840
449220
7219605
1244004
37244
303427
108089
58437
287072
6502363
1381350
224042
192787
307756
165789
539651838
121511793
276939493
276953319
276953318
164191656
175035453
276958564
176173908
189975223
223287694
342462529
122886481
121511807
252645
271110
62782
565666208
184843
192757
912940
28699
165471
61549
68841
192798
161816
5750005
421866
36966063
913110
602512999
2171347
165466
349053
42602
44741
3099592097
406091
165476
34914
324211
40767
162112
43992
287077
8655
307787
188022
1677007
201138655
35573214
29095278
555017
2315704
161638
1634158
166563
162018
1116270
161838
195270
184633
196240
337422
365307
192758
161033
39152
62341
8647
447325
5400890
192830
161950
165794
161650
287668
1521463
192781
58974
1413934
21579127
195267
184818
4760426884
192789
8637
192775
2297418
161645
161644
449696
2768921
2768922
36966060
120965
161961
162069
62649
44879
62611
161957
4347988419
6679920
3795658
3792634
192796
224922
4189263789
8651
224951
36966069
195272
1830231415
161655
2793104
62578
27768
49898
195273
287666
287670
161993
305092
53296
6038068
44874
4545343340
156393
1852574
305095
1685488
536807
191645
195266
165473
305099
294001443
192785
178009
44875
1682248
913067
307829
7326620
249399679
3168167
119557
1124039
2220322
192799
43172
8636
76469
49903
4670891
4670178
4798638637
4788218377
547594701
4788255110
478818045
1934100
549165036
59518
195271
1920901
51529
6797616
307584
1742393
71033
224045
223026
72639
161648
270056
162115
63512
161646
182706
7117066
4422604
62366
105270
62467
2316595
2184073
349044
949522007
1411101
378734
8643
35738
62539
8641
8652
4283101
237385
4819631
59097682
4819615
123503275
25341887
176021667
242294778
25340549
214787401
62400
2688911
3817704696
162378
25930131
357644127
2552485
2032280
1529146
41977
342563
1702499
62650
3992676
451516
2805690
2805691
8645
2702400314
1942586
390867
62761
8642
2952493
2944314
2952559
111968
162116
571747
192793
192734
391186
2018151
6847723
7361997
2088990
9407
287083
171496
2563285717
2237699956
1950884
2989158
165941
2456294
47036191
158262738
2361304
369518
182514
6663864
60759
192778
341906
305138
62780
1155955
161943
374810
305640292
305640027
182644
2019939
287082
192782
192780
4351432485
92277
547469
285864
240058050
1376330
36989
267933614
62508
26373169
535828
170100
192786
1683619
192763
188553
1889339
59418
2723259
1553098
2597485
62504
192784
76910
161991
4136816
2103120
182659
547511
195290
62607
2689487
349045
8638
2316593
8649
1721119244
142033
1682378
39513
296961
1958982
298204
350902
2164745
172385
1949080
58404
4642463209
1867188
287827
57537
1942920
344953
8648
4189298057
195269
102740
43648
2929054
62771
3082668
1224652
306001
1152532
2567380
192774
1520612
77601
1785276
2470060
536773
2689482
1418701024
3154746
103703
2025886
80348
305640306
1582777
2907537
2413295
75628
58828165
1260552
1891495
7112170
2473088
40218
162110
1997192
62559
192737
192736
192801
44830
38738602
2369652
4097659
1783980
133345
86538
450381
536765
1768185
179180
307866
295355
62630
2805108
88210
153310
391178
127319
1401835
2562137
1047206
59874
77677
127309
1996871
5746665
88081
307763
305640005
356912
3227127
390841
2093234
28722
2679957
7394
40784
127298
911844
1993208
44836
4085749
136712
1791324
4869487523
162014
2186665
242620
305640275
1685018
438171
1553735
1942601
1387968
306394560
34719
197472
74090
362413
36458
342935
2873415
404940
305639493
1829065
25293125
345740
7424
57963
912998
192779
913068
2697338
106956
27027
1136727225
40095
177415
1972004
52939
897671
398997886
188409113
184629
1741311
214626
1872673
1278736
50371
28322
3793581
62518
2027869
1960191
287667
182130
186579
42527
1948788074
2564500
42611
550727
1629146
1567544
404159
62407
54517
301482
192776
399906
390558
7411
179052
298285
240060919
62691
1433619
419203
4097196
79096099
70514356
164761439
62564
1903516
1942816
1942809
2027521
27021
913094
57582
307823
349027
315173
31248510
1387888
224040
114347
2206549
2904798
2904797
207264
2029046
1803923
147559
103599
172799
3372453
339549
1293250
72894
62411
5762849
358309
62713
130935
102478
2026458
2316598
8644
2027973
401444978
535790
67213
149197
364087
43452
2316741
407492
913006
180904
7405
7427
62481
62369
7453
1259885
3388394
1363069
162068
3513471344
30295
113314
109877
869593771
3560284
2527553524
191361
3218753
1681788
571804
148917169
371700504
27308486
119089551
37336039
133890997
70553657
250255750
119089549
324899690
130219375
248770993
134141447
136259086
136333955
136259087
261657500
222057
324899692
508103259
371700506
377017579
119585293
324899693
231975489
131889384
131898816
130072479
48311065
84518800
57031716
130072484
231974114
231975491
136259088
119089561
231960258
137776728
120451965
130072483
131889382
16307200
137780739
130072480
130072482
69376453
261657499
137776727
69587534
119423353
69376388
119423328
324899689
137780740
24517022
136333952
37332618
28217744
119567323
408121597
146498570
231974101
26161283
231974097
134141448
120565105
377019560
231974105
137944474
23443256
508103295
27309369
28217742
119567328
16307924
249196828
137780738
371363775
26161363
23542233
70534140
104307611
371700505
231960256
131898821
27308737
306562097
121027786
157221822
119593162
121027781
306562096
104565547
306562098
508103282
27308495
23571101
231975680
132856673
26161367
16307510
24535523
248770992
231974107
508103245
231974111
231974100
130072481
231974104
106220037
107423527
119581351
28215857
231974102
104307524
302091707
119089544
508103232
117996387
134129606
508103287
24517001
133890998
119089556
249203962
324899691
136333949
217419729
119567324
136325812
106879697
69376397
119581355
134129607
44917852
231974108
231974096
48311069
231974099
231974112
106879675
26213889
70553656
430739591
27308801
7437
305640277
62464
7406
42398
1842245
6667566
1504057971
2816597
1513057
332321
553303
123292
941125358
52399
53937
62598
2426688117
62591
2027460
4567438900
913012
96905
562654
183453
54094
7375
43512
45144
2137477
533681330
2465058
571178
3579531
1639542076
68942
3559887
7435
57032
165479
4308338842
571805
1942686
3287346
553302
25735371
253832
86708
42955
119231
3671049
7426
29277817
78312
45681
1790696
178351
303702
88065
2910925
2989154
1429268
367666
3437391
30137197
62531
2177266
1231749
3795635
392915
7457
348849
253750
7429
1211180500
51856
2216724
286380
555717
295092
110866
444400
305142
7387
869576948
109876
3790801
172679
31941291
43336
41038
102430
2723342
358688
2603247
192777
62496
7392
44232
190380
423889907
62493
129814
349013
6426101
3513471345
1121015
7415
3064410
62581
240074718
131885
1721119270
349041
3339993
1674536
51854
8656
913105
2131524
760746
913106
244080661
7397
255401637
383651698
2682940
913011
7413
374978
7431
115134
7398
7383
244080670
913073
53060
4351323483
3794962
7434
1847663
2906044
7422
132348
349050
1721119349
913100
3986076
7446
62745
161652
912942
244081110
1857436
1629145
1800608
349034
902979900
7404
342110021
240109398
35183
307573
7430
76306
7428
6956667
367988
344342
20913294
2316596
28595
251075
153314
7409
7463
1279074
340746
130971
7455
357113
2396450
240055326
62456
7374
2580605
302635
6803636
663358886
35280
79374
342999
331414
185048
39230
1822781
1154756
6677259
296014
47504
7451
378685
912999
7447
344685
428039507
62405
3513476360
334443
7450
130140
39514
2633746
1937072
2723341
305640074
349015
175031
7461
57533
7419
74004
139610
8646
1804307
7465
1748490
44383
1842185
4072985
91734
42004
7443
1605981
7403
1851649
197239
7440
369519
151304
2390836
297514
1751445
346956
1704857
1850580646
7439
62512
240102654
39837
76155
240377
342792
114172
1842186
330794
58950371
7423
8640
240090160
62693
297640
62372
344165
127864
2478628079
2022095
7384
2081686
7388499
108393822
173016321
173016325
130206844
173016322
1450201
3030976
57397
42481
4549670214
301464
45159
1834655
7379
812190
7396
74392
62495
127167
17721995
112298
7402
532759
42278
1337397
35998895
31585309
2552450
185579
46663
7381
1413957
77189
7448
1960177
303585
4347858678
7160849
6927733
1250113
1250106
7433
62525
414972
53355
437354
7467
172710
158311
1444234
55938
2563285714
2712154
47534
240090728
62478
1216719
7399
7432
7449
913109
1326762432
2763541
196311
286937
166713
3795063
307828
83198578
109294
2720006
1416560
2720007
1800742
332924
129955
3792412
913069
2078291
2078292
195444
62594
62269
6041206
1835900
2395674
161653
85103
7462
117905
3654543
7401
7464
7408
7421
345901
40671
2628521
543082
1726294
4016543
1128379
7441
658312593
51490
162353
7407
62644
37774
195340
417365
7393
390840
437057
18000
4165116689
343535
2177161
8650
17859918
286342
65335
42499
141008
1682891
62768
54624
224458
74127
23021291
40137
1842151
296584
1154757
7523933
2778914
1382494
1440895
21063362
27564996
57516
2833530
535774
7168979
40452
2297419
62381
2110382406
2185374
7385
409863
7382
179272
199073
1942587
129645
298227
70279
62522
192795
130250
47207
575380
88084
240056905
62631
2340910
7418
27383264
939334
276905
189924
1187159
111147
7445
104401
3879784
27852583
27852990
41395652
31010602
32894598
26543901
356443
3864569
7400
3790869
38246
85809
119008
2128285
3791413
74171
2799215
537257
54737
44189
39169
62403
357800
223408
42659
339887
356911
7452
216359
1201020
1200994
181040
7380
76351
2108882
1422314245
1025105
253824
3374767
1099982
7438
59965309
123552429
98279662
122942464
218896252
469335290
218896605
122899549
370131193
370134561
910673
370137712
946158
1983629
3778629
354480754
354481601
3778611
7231014
2713482
2713484
946159
2713676
2713483
1552192
370329200
302696627
147488
946157
414794207
3663542
1761580
531423199
370476571
3663636
371403808
3663587
371816372
3691783
3851570
3589982
3870502
3625910
3777290
3759193
1552190
1552186
370244025
3775063
3775058
186430
3775072
3775060
157927105
124328387
1152717
1152720
3775052
2793045
2869330
2793044
2375172
3763647
370078954
375216670
155987
370133195
397230310
2135921
29989621
123435666
372678217
373748931
3778630
375668473
2713466
3778610
169085747
370193443
110194036
122805354
373171673
377687879
373725309
6474878
531409608
370368642
372366515
1284995
151234
302819
282525
61423
3795000
192783
1676328
272939
418700
134591
42791
3879783
2898443
1627497
2904506
240099245
62340
7417
7425
73911
130919
151327029
184225
47554
1558556
391196
62640
438344
346397
2711874
62646
59043
153712
2603248
1553148
2723260
62629
240057351
50312
1472876649
47381
1947201
7442
3955977
408105
2563285683
281346
240050358
52345
56243
76909
1430613
1430614
223407
3795064
349048
191210
153688
81996
778545155
3578391
1558108
6064379
7458
1440627
358631
3648962
7466
102480
6791758
1016146
3992237
7389
7459
1701435
1701436
3464353
102303
45319
303781
357112
242397
169759
46085
57581
1632167
3864712
184985
2950484
1175407
2556679
2953076
1404291
7373058
7377
150399
41256
402695
74386
444902
410422
150381
2946612
80071
1777905
1144811
3536492
2956632
969359
912201
159060
2954021
969247
45511
88066
7395
1135472
16132
402056
153607
153658
171262
152237
198770
2947114
150568
151097
2949143
151074
1801076
340611
2947961
151090
969268
416937
447862
150423
2202429
969643
969369
43981
1777967
2952135
153717
1029505
153723
150337
416189
2953357
2202428
413141
410256
444869
1628164
2953281
418077
62638
153722
74046
74126
410437
2952813
2946473
406872
153466
74123
448660
150406
969651
969375
969360
415693
969449
1835596
153672
2066363
153725
2952588
420679
153714
1814965
153048
2946644
153002
1778010
149352
149348
2953069
152744
412072
2144520
150389
153626
2951593
2952095
2953012
2132505
945587
74121
2952556
153493
149335
420676
2952326
422688
2946418
150413
149340
969676
1530644
153603
145776
74135
2952759
416216
152297
152292
969262
150387
410246
153710
149344
2946389
149341
969358
153677
152250
153692
153479
969397
152293
196161
1778024
151101
150416
152242
150394
152306
152232
1777964
2952105
152986
152233
74045
2066368
2952094
418042
152759
150417
153465
1589521
1778053
2952117
2951676
74122
152295
153697
2132500
2949526
150378
422726
2952044
150385
152298
153695
2952951
150388
2947170
166717
447167
2950481
152239
2950430
153614
2953995
152766
2947577
1809448
153120
1694459
447983
2952086
2946393
2952361
444877
412160
969576
7376
415675
151117
406831
415673
2954012
149346
151108
151103
448668
2743135
240122485
151091
152244
73962
151093
152245
153486
151092
448664
969289
2952988
2953347
153483
151104
152234
271202
324269
153729
417761133
413138
7436
53293
2956553
149377
404816
74039
74152
406470
1430508
2951128
153621
571771
1842184
150374
908959
3346137
2952127
153665
74008
74143
73972
153473
73984
73971
2950736
74144
416921
153619
73986
73956
413153
73973
416648
150372
406830
73947
73943
2563285702
74040
73977
78828
73975
418066
406474
73981
412070
74108
73979
74022
416643
74005
384536
422728
413134
2952303
73976
153673
74048
74007
419479
445970
153687
346345
74023
73980
1808721
152743
74047
2956077
74034
73966
418039
420685
2952177
73999
1248073
422689
74149
73948
149339
152967
447972
73998
1740406
153474
416184
73970
74051
74050
74002
447871
149345
2952385
2952178
152314
152753
153701
2953123
413137
2955721
74111
73985
74155
422686
73953
74150
415695
152966
152749
418082
2954140
415692
410430
152765
364656
550728
153490
153730
74112
149363
444897
422683
152310
153627
74035
149370
149342
2955300
150367
153649
2951328
151079
2950567
153038
153499
2952826
153496
364654
74169
150570
153702
2952103
2952574
2949504
130975
2949161
153113
74166
2950603
151081
2952748
112443
151077
33120283
150397
1919982
149331
74178
152991
448653
2955270
129910
2956612
2950581
1792587
153011
153622
153696
74316
153719
153699
2955293
153691
152767
2950675
153703
153126
153467
2954207
152760
151115
153618
152997
2947221
2951183
153707
150579
73965
2953367
145195
153458
2950867
153683
153018
153617
153724
153019
153036
2955196
150376
1808720
149368
2956062
152303
2947054
74165
1775691
150505
150403
2955687
152750
2956754
1775913
151083
153492
152304
2743050
152752
2952564
152248
150496
153472
11235057
74113
2954314
412148
74172
152993
153006
152995
153667
153037
1842114
2954148
2954980
2888417
150414
74318
1741406
153482
152970
153125
152236
152302
153106
153501
115177
1775645
152994
1775848
2955236
415676
152756
2955025
74174
153009
152308
152983
2954646
2953118
2773267
150488
153010
153005
180837
153497
1764573
153127
2955019
150533
2955951
153715
2954181
445954
149347
74001
2950160
74009
112653
2952240
74314
153475
150576
2954439
150548
2954508
153016
153115
74315
126415
2953089
153049
412133
448658
150368
152747
153663
153480
2952224
2954252
2952613
412135
2955082
150415
2955204
73964
2954509
2952540
153686
2951271
74011
74168
153602
412132
152241
905534
2952376
152226
2953977
3285636
152309
153494
151110
152249
253985
152315
2955003
153491
152313
152311
152230
74175
151124
151120
2954074
1776943
2952349
1764574
224461
428039517
112143
553607
189890
153269
145729
503080952
26769661
62751
273622
170486
47696
151119
153050
1232837
869508901
72196
4703402619
4703402615
2956624
4703444591
4703444607
4703444609
4703444613
4703444589
4703402618
4703444611
4703444612
4703444614
4703444619
4703444624
4703444623
4629911080
4629911081
4629911079
4629949161
4629949163
4703402617
4629949162
4629949164
4703402616
1713458
6566419
4629911078
4703444617
4703444615
4703444618
4629911077
4703444621
4629911076
4703444602
4703444622
4703444616
4703444601
4703444620
4703444600
4703444599
4629949169
4629949174
4703444598
4703444596
4629949168
4629949170
4703444594
4629949167
4629949172
4703444286
4703444597
4703444287
4703444606
4703444595
4703444605
4703444288
4703444590
4703444592
4703444603
4703444604
4703444610
4703444593
4703444608
111528
240029417
74942
151115894
151082728
507415012
383444094
13234283
301829
404144
2904809
2632573
446049
2529822
62652
240102963
21063632
152998
1216769
73941
1285772
964255
302588
145717
343207
2127079
3221112
142282
471417175
1176738
1164653
1121023
1231635
2917911
1155986
346134
1122551
1209821
869606611
253252
26225
344337
1141529
1197647
2755608
1147213
296561
1145294
135589
1118870
1116471
47806
1206420
240062631
62410
1194102
1141681
1120592
151112
1141682
1188393
1145173
7420
1154461
59551
305639190
1120891
1216460
47046
3795031
2657331
1686631
16174445
4442556
398407
1179583
224457
1299536
2657330
1187383
1180853
43747
240048753
62748
1188395
1145269
1160506
1216590
3775035
1116474
2110264
1151573
1119076
1144849
1157670
1216448
1206572
1164651
1166430
1216604
1151469
224368
2725551
3955288
1420628
1157700
1188459
2803566
402594
1206421
1159526
2681149
1122554
1143146
1235971
1120893
1164630
1167813
1164628
1216537
1187381
1209614
1156071
1216389
1154832
1216468
368782
1167372
1143169
1135408
1842563
1166394
2187211
1149571
2171392
1987491
2917736
2259321
1119077
1206596
1135474
1141526
1824716
1156164
1154773
1235978
1154833
1160513
2917332
1211145
1674110
1165366
1188519
1154546
2892455
2692921
1159306
2207891
1151475
1216397
1198660
1167811
2622229
2907653
1672622
2917368
1160505
1176736
2657350
2917171
1216636
2265848
1135467
1164669
1206604
1204444
1166432
224384
1141918
1154624
1141665
1824838
1216603
1122565
2892476
1963109
1142929
1160508
1151470
2917365
1216467
1643184
1141865
1145172
2351723
1208545
1175408
2804765
1236015
1143142
1204451
1141565
1154776
2892477
1206568
1235972
1164698
1206570
2273921
1188515
1141620
1187382
1166204
2162098
2265849
1179321
1166322
2513111
135605
1141876
1141566
1188419
2917358
2155874
1813385
2259401
2894029
2892459
1216600
1814337
2755738
1145290
1210977
2690216
1179696
1141666
2892484
2915738
2862937
1142933
1143143
1529813
1236000
1206590
2178623
1135409
2804541
1188476
1987507
2918476
2369778
1160512
1159234
1206388
2755619
2178622
1179288
2917166
2918495
1116472
2755498
1151576
2259420
1206591
1120711
2208031
1197765
1235963
2804803
2690438
1236013
2804461
1216469
2787497
46116
2692265
1529823
1140615
1210971
2906364
2273935
1197894
1197893
2566603
2696995
1963115
2918444
1962188
2208659
2918485
2918493
1154627
2918483
2915660
2692254
1145287
1235975
2917785
1420611
1151627
2755499
1143135
2692246
2259407
2917305
2915747
1672624
2351743
1413409
2691205
2690234
2084698
1235974
2264749
2657332
2571989
2208036
2915664
2691169
2692262
2917360
2915711
76931
2809403
2691157
1673982
1167815
2893622
1121029
172627
1420630
2322522
2351729
2918021
1672628
2322446
2741710
2915674
2741717
2265860
2351737
2917889
2917918
1206577
2351738
42014
225494
240053395
198590
192306
153500
5404230
3407643
391455
1167524
5379538
318467
399976
287507
109879
869609474
30305
172070
2955194
1673426
298442
2563295942
7146560
2953198
138297
280564
169036
147101
80513
85802
55074
190911
62685
135582
279351
349011
43872
157543
412377
2833528
286837
4098808
153135
44898
2946664
152430
145761
281006
130927
153423
138907
172175
969459
185524
145751
163577
163575
145728
130943
153437
391115
2103721
153441
153436
3958665
2951545
145817
2952389
419038
153434
969362
2917152
418967
151094
153439
74124
419153
2952928
153681
138891
419138
419488
1602787
74132
74131
1776992
969477
2947958
147104
153713
106705
2953111
1776966
163590
153504
178388
172193
280302
172572
150527
280517
3987424
347796
163566
280133
2113725
145812
172189
280215
138894
280611
112729
1641691
112405
171973
152405
7388
145722
172207
42414
3757780
172063
2132438
2831099
2425991
280440
172580
280523
172628
172204
172060
279345
279143
172590
172646
153726
280130
224363
172205
106707
280406
279192
171963
280477
280220
138886
172170
280280
280526
280435
169024
342627
280580
168982
172565
163565
172578
158862
180749
147081
280333
279322
171989
279147
279418
172206
86609
281003
135409
171982
172171
172209
3715845
153445
163616
786882074
108083
158951
280480
172594
152508
43083
75454
175549
74038
145762
131293
6837561
303940
2661906
2730708
21262495
3172807
2304454
74037
126429
73982
74000
153118
280384
413194
1164845
3909995
153339
145754
74142
280550
1176503
140253
74052
419161
73951
1050399
153732
422390
130928
419500
74012
420687
969552
2918489
153438
416185
73994
145734
969564
422391
134029
74017
153004
145738
153360
145792
74042
2952233
150545
416640
280488
153139
74019
74319
2078971
1170074
280630
153420
1729409
153457
279317
420674
153470
134083
153418
2951098
280572
406389
153133
280556
147059
2953192
279234
153451
153704
135602
2743139
1761742
419159
280368
153671
158959
2956752
153129
1776915
161753
47540
134067
280609
153422
74313
134085
149375
153449
153108
134065
1729920
280217
192794
153429
135604
134071
2951840
279249
279257
130956
279194
153128
156234
153107
134093
134095
152229
2955190
134090
145750
2953046
150508
1151472
153344
153495
171968
4491048
2947194
153035
2956616
153014
134054
188176
2952443
2666025
169037
153343
2954141
2952481
280555
74177
2952019
134086
169019
277023297
185384
439073
136222
279206
94446
178380
185262
178176
2956538
74020
288741
279148
279204
73960
172191
172597
2186600
158861
171971
969479
134033
178175
1149378
36097
113079
158869
156225
172196
153661
2952675
280177
145804
280597
135596
134124
168998
179480
280554
152318
280565
280318
121499
163579
280540
152410
94436
171987
279228
1188386
280633
2917118
288756
185681
169012
224459
180751
172059
2917313
279186
286388
179550
2665955
910521
145819
280627
163612
156613
152412
1236014
135592
279244
147142
1122577
157630
305640123
1164840
2665733
145831
280272
287499
163592
240393
1206593
2665925
516775939
1772214
2665643
287931
1179322
179053882
171960
126401
153838
2787499
152300
180038
62374
157768
1141528
179548
1121033
1151556
1164621
288763
1145178
145780
130947
1201656
2668850
2668838
188217
1120703
2668999
172685
288603
1869355
157306
1176777
2918496
145760
1175376
2666886
2917876
1121026
1144831
2171405
1180856
2861745
2675127
2917956
1529814
1175569
280402
47608
151088
185686
156814
1145288
288733
1206400
158851
288762
2665233
1120709
2732849
288761
188203
2665128
156605
1379947
2815484
2651867
2917393
2884103
2917398
1216375
1120667
2259448
2668761
1151569
185383
2668824
188225
2884093
224379
1167795
1187157
1206488
1206588
1179646
126424
1176963
1232835
2109291
279438
1175406
2690163
179549
168992
188231
1674119
156819
1216407
1209817
179546
1298370
157320
2665484
2915650
145740
3586169
2668913
2674914
2690188
2690289
1176967
224374
1216541
1151474
157407
2690410
1703756
2918424
1149379
2690419
2109211
1180675
2674666
157754
156826
1188470
1209609
2674798
406106
157654
156590
2815538
2690418
1122560
2342818
224370
1143167
1154551
157772
1206581
2917414
2954354
288755
288758
2733066
288727
2013124
2917186
185546
288760
111721
2703209
2671262
2732936
2670059
2862911
1216608
145875
2732956
2917151
152426
2545279
2670303
2733017
1206571
2671158
288592
179475
2918415
123302
2918047
2804778
2671205
145766
145810
157753
1176743
157530
2669965
180658
135598
288722
1154469
180021
241075
42568
224383
26701367
1157702
130981
1135953
1206482
134115
178202
172162
1149574
2712700
179511
3652281
2403848
177923
1169130
179479
135556
135576
168989
253256
869555482
178180
126419
1206612
280213
280489
126423
130979
135411
131304
1151471
280172
145813
135449
145834
279201
280551
44971
131297
172601
135559
185287
280173
172643
172173
279238
131236
280190
162798
280255
171967
1165369
2393403
172198
1121071
279250
135593
241071
115136
559621143
280341
281350
3377982
180022
279245
279202
286776
126406
179509
280363
171961
163595
223621
131226
1016200
279323
280228
241073
172591
131283
147108
6845078
135600
138878
163587
158025
130931
4181494719
135595
280233
280490
1179644
279241
280618
136219
280269
280628
145759
279340
177921
279434
280582
131272
145805
130948
240359
169034
185260
280340
145829
286780
162571
162138
287494
138895
279231
280496
131291
232874
168994
1155980
279441
180033
180027
223616
153605
145816
241086
1151557
145779
131300
163602
172635
280196
158850
147067
280271
280166
126413
145795
280273
280495
172199
135453
172072
241084
168991
1159251
280129
185241
172575
133914
232873
1175378
223617
180048
1188389
130976
126411
172593
180032
1113031
135566
1166191
280390
280533
134139
133960
169021
147064
240379
1159518
172216
280367
280528
180036
280249
172200
1180676
177907
135560
1175392
180030
240344
3087156
286363
180047
179366
2758781
1176724
130983
147099
240394
224366
180042
172174
241065
1160504
180026
131328
1145295
1179645
1155981
287938
240354
179364
180044
240355
163617
180029
241066
280588
224380
180025
180046
111716
180045
1284879
180031
180040
185534
172202
179368
185511
208428926
179367
280516
1164667
180043
185526
185494
1197644
180049
1154468
1144743
1203009
1149451
1216556
135450
241087
2468628
180023
2184233
1151588
1216406
177922
1151630
1175458
179365
1203006
185497
1159535
287952
287940
111705
1298371
2505979
1156067
287953
1167522
1122561
130980
75618
1167367
1121075
1235992
1207551
1175448
185489
1149575
147107
1156144
1188511
1175389
138883
1120701
1121069
32662994
1206478
280595
1185221
1292909
185690
1021584
1216558
286372
1149250
1188462
1209819
1120713
1159237
1166327
45757
1145310
1156145
1167802
1209616
1167368
1176758
405836
1135400
130972
1154557
1160702
1206427
1206426
1159561
280622
1176756
224378
224376
288599
280405
1206589
280325
1176746
1176964
1179330
1194100
1176759
1176780
1141874
131237
369838
172645
172678
1156112
1761717
163584
163576
1206574
280538
172058
172065
280274
1176782
169013
1175391
286783
180035
1167513
240369
163594
1161288
185820
1155788
1197613
185301
1187267
1176744
287516
241077
1166328
1187266
279349
138885
280497
280485
288720
287518
158955
138864
280519
168995
287519
280532
287517
131362
178338
131343
280295
169031
131333
131254
1142934
279167
280344
279165
131335
1145825
280412
280502
279225
3076268
158868
152354
131299
131324
279163
280567
131274
357981
178751
279318
149199
134010
1206408
149192
131351
2202121
180028
2502058
172684
6837601
1260551
149198
1206406
2185366
279309
1188508
1180679
169022
68000
133861
280141
131360
279178
279315
1206419
1651889631
62449
280437
134026
1120602
133863
280329
1188507
172064
279181
1187384
186960
1144851
131346
147074
286389
133912
1167803
133997
280382
279175
158874
152411
133992
1122566
133946
280404
163601
1151579
241069
279211
279179
178760
241068
133943
1154548
279338
279423
178390
1155794
1176776
241067
1156116
178759
3226004
1156167
240047795
2162970
62532
185490
145933
40442
253556
1141567
1084793
3087155
311575798
110808
197563
172192
1164676
1188473
7155943
286396
280262
158863
286394
286830
280254
1206317
286383
158958
286796
158871
42907
286395
280372
134161
70070
286797
41099
2279652
68614
6825777
176885144
88915
142098
278746
174916
27365302
1767164377
374796
15412058
79337
3348644
2939672
62484
89859
136669
2398104
76835
130949
198918
4583125
136226
107358036
78593
62734
10187
73283
416063
186988
3030295
1950071
1060610
240074382
62352
1214215
919417
59149739
55390
186978
154350
175342
552250
1758858
2389061853
3529725
2415761
158957
2939653
2609539356
62363
1702421
1823287
147075
2915709
74091
332493
106704
1140595
139316
186962
109976
40545
41842
195298
2804771
1206573
147060
73444
1120591
176095
1156146
2755618
192833
2207892
224362
1180852
2917255
1154780
1963673
145774
134039
3469133
1210978
1786760799
2741618
417327
122324
206672
1155789
1151563
1216390
145747
1120590
2415518
1198634
1413403
195296
2915703
1206528
1197766
2915759
150303
54732
4663238347
2838555
2431742
536900
342316
74718
62430
1628927045
2157162589
244081506
185336
128184
53825
146357
145806
186976
43718
241076
280481
89255
134068
1144006
279361
1782064
153656
171980
75580
121736
158950
2745046
280342
280534
147109
195305
1418311
958128
6837726
562958
279188
1842150
185405
185404
195294
104836
172599
185401
512552945
194119
186977
280605
156094
412864
280512
2799538
9070
54825
1801075
62444
2105525
3544925
240098830
166738
1083010
2817441
2769604
59049
1973756
2411900
6837723
74791
153342
3331103
190367
475555429
153292
1853865
253642
53462
172676
179240
186964
280487
135558
134108
409957
3140016266
108082
186981
167704
145858
375151
171979
279198
2327259
345769
195289
186968
2340636
135452
280442
58042
185403
133927
135484
2589843
171957
1689030
186967
47772
1714886
1668045
2420076
2904795
195295
305639344
192824
25869574
696768134
85606
2006557
62453
456810
116558
340516
180758
119009
160902
131309
3326873
145746
131306
117571
319872
362362
58897
139537
139283
59041
2483364661
185400
192829
139236
405156
130978
6678712
130973
151075
120136
131303
1231404
280209
2952388
150375
2810954
3317908
74153
58686
131327
1084206
109382
325866
961617
1684068
139636
115074
14808039
153105
138879
536207
6872713
419698
153013
1122557
150546
2016768
412297
153007
121686
59877
3202959
536469
6690056
162219
279358
91278
148074
33065776
5610766
55163
531494
131367
374900
549470
139676
550360
74317
186984
2954731
121497
309478
272914
280195
2805848
153017
153685
77159
131358
2950699
134125
62717
74812
547344557
493986879
549471
5815715
1192497
157305
1529409
192835
133987
542790
74088
1225227
158866
2106627
550123
1640522
370015
1924172
58114
42672
225502
542632
68006
3322815
102870
74823
112100
74828
550120
74845
74807
74816
1362003
74820
74796
549472
550119
74844
1084151
2009947
2932285
74790
532309
74847
109655
423228
536121
73967
531529
2673357
132596
75021
572571
56906
3301368
31172722
62418
58168
237691317
129567706
223181435
33003571
123845823
123845821
532381
375773
55054
61449
478381
5812110
141973
139642
55075
74829
536791
531619
147446
53439
68066
68009
536123
68008
3315921
3325806
2989155
3330279
536797
2106876
1028986
2456288
552198
532302
68007
478385
58207
2862881
90243
531609
3316327
93029
68986
3323488
2757697
2816505
1528297
3297062
2006941
531524
3327623
536118
420086
2720897
901989
543312
442797
375589
62654
531386
531527
3307249
419550
5815685
532301
139672
3296957
536787
1650407
2918481
91294
453814
543311
2932315
543178
543181
531493
536461
1029017
58169
558158
2355168
536477
3330421
536794
536224
69141
442736
536225
76947
543235
1552660
3325146
3298729
536471
531388
532308
1029029
184482
532312
3301465
114003
488260
532311
543230
1223835
536470
543073
3293494
913374
550091
532299
550087
55201
3323454
536120
1028983
1747246
185380
531554
2804495
536473
1029026
3295975
3320809
1028988
1029030
536468
3329816
543232
214396
531495
3323199
550368
480307
536223
74859
552194
551830
2755242
2862896
1411514
3325757
3325394
3295229
420224
1029019
543229
532310
3308101
536792
1491393
58173
3325425
550090
543228
1225244
531621
139311
59063
3324274
74849
1225243
1029020
543310
1028985
543231
2145227
3298537
2313658
1599299
550089
1029554
3324664
543309
536170
536119
114661
536465
3327682
1144794
2918454
2755243
536788
543226
536173
536222
3308102
536790
69712
1028989
543227
536464
3318845
3331501
3330374
536793
3318889
1113143
1029018
536795
536785
562959
107974
550311
1204465
1283313
419548
58583
1529412
451042
3321090
536786
162239
536168
3320583
3323612
3295407
536475
542785
551831
2020070
3321262
240110547
1800297
3323490
3324640
1028992
142106
3333238
3331768
1395273
3045482
542784
59760
3293501
550622
542786
3329208
55622
1752948
3316629
132463
335495
457009
2829595
542634
551836
3327639
1898419
139630
158288
59761
3219170
557830
551832
1362086
2021962
59703
206545
1224499
542793
3319485
552249
72020
457021
1900605
1361845
157853
139318
3318382
1225202
4447293
148024
532300
132506
552255
59974
214395
542638
440364
89757
550621
55434
531634
552251
54897
542629
3324666
532298
550620
3293148
158519
550362
552247
3306879
158438
3317408
1223830
3317806
1238839
57813
531632
1223740
1361816
3324254
1418633
3333210
3333227
161008
552263
3331522
1227111
102144
141971
550357
55073
3332439
1924257
3326941
55146
3326960
542631
552248
542635
179547
3314266
1076124
45916
3332997
3331723
542792
542789
3326609
1231485
59563
552254
1227118
550356
3316590
1928217
158079
1157709
1898414
3326620
456998
3313226
550365
3327621
552197
542626
1229108
571037
1777267
457027
3307621
550364
550358
3327158
3290008
158733
109878
89780
869565029
3329824
3333246
2666909
3323227
3333241
533705
3328405
157815
1227093
543023
269915
3321893
3289820
3332464
39859
3323098
1230369
3317887
164209
3328411
552257
454860
1747955
550359
3315955
1940314
188185
3312470
550371
3324235
1223833
557841
59953
557822
162526
550625
3332870
532306
1231314
3315892
1751833
334547
542788
161782
161751
3338115
550366
3332746
1230115
550370
3328413
1231406
3329911
550626
1392177
3314276
58655
550355
3293120
3331299
3333137
3333251
1940307
2073469
542636
532303
160837
569407
1227148
1362084
551833
550623
3307828
3332770
1420215
902349
558161
1835267
552196
57960
454713
3333143
543021
134134
162221
551814
1383665
3309232
165075
552256
157677
3307089
1231312
3333111
3332766
3328412
1225218
1227127
1628355
572592
454714
64484
543024
158419
3333112
196159
1362148
2811520
1748992
552195
1230146
3327208
1206399
1027785
964945
3331052
1734305
139674
457020
164051
3321292
1777265
1231461
1283450
550372
552246
901577
161944
456997
106396
550367
163562
1777266
3305871
3309230
1085326
1418624
1078979
58161
3333247
457025
161840
160839
71937
2787498
550363
551815
1227137
1231483
550624
1230360
58894
1231459
1751717
1164734
162030
1230248
90203
3330596
53397
901578
3332889
3332449
2674904
898338
2670591
68013
901571
57993
898229
1030071
1194101
58166
132568
74719
3309578
550369
3329387
2666952
902344
456981
1362076
345576
55147
1197778
26621545
1547434
1283513
4189345
1835261
2605259
2917182
1361588
1940319
138328
105162
3154524
139276
74151
102272
165504
158822
965617
59949
531300
25472086
78619
173722
1241404
1283657
2907649
69182
132451
3160990
139269
139264
965620
120114
55080
2273913
55547
58181
3013112
135847
58388
139247
1922627
120130
1359295
55166
1084089
1547432
123869
58047
80349
1230278
3018649
102899
89726
1606296
103083
58039
132493
214394
78597
55562
135838
138332
74154
55285
3161030
1179651
536209
58395
1547428
103125
269952
102880
102905
103076
3218955
1084381
139238
89715
1640528
55558
55157
135808
78621
69183
412436
132483
55315
55230
132471
135875
1637045
3009667371
132481
142099
121799
121709
139256
55399
121716
121694
55555
114349
269926
132478
1820692
135786
1359783
1076898
1922120
132428
139641
120129
42819
1213659
55431
135782
3160791
135793
90205
62658
55453
89723
3159767
55459
921589
3159805
55291
1998693
117542
121777
1832843
1231762
132470
59064
1940408
57818
55106
155637
1640529
269918
542292
188218
1240444
3156234
2016138
126766
135765
456791
104024
3163068
2714132
132422
536177
280608
144626
1415887
55465
3156104
3159819
1236093
176069
3156188
55059
3158102
1539376
3161168
361771
1923997
3163622
3163284
3160688
3016700
2848213
54852
3156258
55401
3161186
536206
2804536
3158121
2016013
55338
3163307
167241998
1949374
54801
58867
3163195
159868003
159868002
167200630
27303322
27303345
27303358
54191
206543
2842258
280624
3010989
55476
56311
2712453
3006243
3289689
2848072
58187
288589
3007481
3161319
3015851
54534
536125
3161406
3158071
3156098
3158103
185382
3020440
3019941
1208546
963641
897554
3162900
3018438
3156216
3020144
3154340
3161111
3163078
3162738
153221
153223
59056
3163570
54786
1539379
3152851
3006802
3159826
965628
3219173
3152830
3218921
3007981
2846508
104725
3163548
54713
109687
3161033
3159894
3156208
1361450
3156192
55175
3159929
1613214
3218990
146297
420215
1213768
54819
532386
3163463
420107
3161062
3161266
55428
1079221
1942168
156245
3006033
1146940
54913
1217000
1228443
55248
536126
456985
214672
43724
3158106
1225197
3154366
312144
531548
3163441
54777
3162704
55261
3009868
3219160
3159823
54771
55077
55460
1213589
963660
55095
1539375
3158042
54781
59759
532353
3158120
3154415
1361458
54701
55079
55289
58405
532367
442739
1656678
3158089
3020472
1230373
1225379
54821
536124
145268
54725
3152838
54814
3007852
3161299
55464
1210057
1227315
54722
3160959
223647
54921
206546
419572
456781
55081
55244
1213691
8087537
55234
55100
197698
54919
1230210
54773
55109
55149
54194
455082
180039
167647
1230203
55124
1211875
54839
55487
3158051
55346
55164
55195
3020471
2850582
55351
54804
55064
2842383
963662
55078
3163135
420041
116873
54533
54864
532414
57992
3202950
54545
55280
449587
1277291
55260
1547296
55076
897638
55096
55241
54881
55185
54886
1547308
533817
54836
1230116
1230276
54717
55192
1079085
1230279
55389
1283449
269538499
55072
1843107
55152
54870
54541
60163
54816
1637028
1361460
1240307
55161
43843
419483
1433699
1433414
1361167
1392169
55404
55480
55317
54908
54809
55091
55179
55171
53448
1080402
1359797
55486
55086
55461
131393
55874
197565
1230151
1079421
54728
214451
58881
1165370
58184
1083333
3019384
195827
1547300
1640530
1076953
198257
58024
197384
1230272
54714
423229
456805
55151
1164670
456793
1230129
55159
1076946
57810
438934
1230277
195825
34917
456788
55392
900363
55154
54711
721604
1235970
1433688
531603
197385
1232838
105086
454064
531595
196177
54837
1433701
442737
58198
1076927
67991
965613
58380
1686359
57856
1361505
1433708
198267
207455
1077036
1079414
1392183
1359817
58658
1362067
185504
1361397
1079422
120958
197566
1591241
456789
58177
297758543
198258
1433690
1503354
1640543
965776
456972
965634
1076949
963658
965765
198271
900995
58383
58201
57925
531460
103786
1079412
531533
104117
470054
1359759
1080399
1901725
456859
3015075
1079418
965762
1078770
305639193
1076960
288719
214673
963635
57943
58185
965756
1083329
3007532
1190905
1357420
1547427
1083103
1080396
420216
58102
854798
897495
58144
196158
1073990
1538253
1078989
901576
198269
1830913
1420351
1078995
1076964
1076936
1547295
44251
1083102
1084364
531463
58886
277559
190789
812623
1083330
442814
1079067
1079064
157635
1073957
897467
1083319
62870
965755
58638
58885
1077290
1076957
142108
53428
812071
531441
3489649
58628
58145
1083121
1084180
85956
104664
198402
146506
897926
1084353
104760
59709
57965
1084372
1359772
1084361
58143
58206
1076897
55818
965625
107008
57981
2280261249
136392
113967
2764565
58083
58049
1083334
812072
240036844
1083107
62590
141933
531449
1084164
58103
1151558
58390
1078988
1083109
1615610
1083104
3020257
58888
1356925
104909
142105
147875
1083321
1144832
58091
53662
55841
57988
532354
2032127
58648
1824791
531383
55904
2689653
963043
1748162
3027886
2632581
58167
1240074
1198661
921599
102505
141998
442794
1084188
56245
58002
965761
5875927
58392
178363
3018691
1205479
147977
102875
104498
3006851
1539382
1083146
102867
3007575
55670
1083111
55858
3019382
1826563
1552664
3019909
141969
145223
147968
58003
57983
57954
58032
2679956
58068
147177
1942805
3018808
55565
41946
3009223
1920473
58879
57959
1945133
1942624
3020526
55830
3017768
156283
1823294
3020470
58112
57418
55909
74140
71949
1611887
55564
104908
1824937
1824907
1251040
76932
1014042
88847
1418336
3010204
1242255
170051
55617
2085649
3006333
1904764
3018477
3011925
3023079
3010763
288601
3017808
1204574
1206838
1781733772
1539383
156292
2032165
57958
2689702
157284
3012833
3020545
3006057
1829636
3019589
55575
2689687
2099810
3018199
1206007
1204639
153231
55662
56306
53461
148252
3016776
1831076
55706
3005971
1923798
3009722
1944556
56155
58033
1824650
147267
3018198
163183
2959850
1552659
2771635
26528071
157697
153240
3019951
2755965
157299
3007049
1904483
1612961
1616886
3023050
1826208
3009262
198422
3019848
3020446
1539378
3012824
2805169
3013005
1923764
3020790
55944
2804671
2804565
3015397
3006058
3006416
147973
89697
3011103
3012374
1538255
2962381
3017296
3006205
55572
223607
3010032
3018637
3019504
55872
3020516
3016890
3015904
164937
56236
2720417
2689691
190273
3007485
55660
2755967
157319
3008389
3009257
56843
1922197
198332
147174
3018489
3023076
3010391
3020527
103091
240106077
62534
3009719
3009239
1552662
3008213
53706
3020166
3013186
3019518
1825877
53859
3018837
56022
3019916
3018574
2772031
3014764
55866
1824976
153235
55576
55864
2066778
3018247
3007486
157681
1204665
3009208
3018214
55877
3007441
55951
3019461
55659
51800
146745
55726
1831146
102533
3009348
1826074
3018530
3009708
147303
156272
1552657
2066785
1539381
1552665
1552661
1920087
74157
113532
3020441
3018139
2717712
54765
55667
3015119
225564
3019964
3017814
147219
139290
132580
3011848
3019984
1201150
3012406
2117791
2050278
3006112
146661
56010
157383
156279
55591
1202314
1435626
3009396
3008436
156261
3019969
3013116
3013328
1920539
3017029
53405
157403
2755966
2959804
3010745
3007045
156269
156257
3018990
198359
55721
1831008
3020571
3009839
3010046
55594
1940362
54795
1538252
2099811
55586
102874
4521144
3017741
2117795
3020761
102473
3009623
54788
55595
56237
121771
148603
3009296
55580
55838
55628
54762
3020879
55884
1206394
55834
135799
55885
134176
90412
55623
1666494
55724
1540176
135879
56082
56097
53422
109657
55945
54767
55860
56201
53391
132462
55578
55867
55568
56004
55892
53403
55673
56016
115274
55637
56331
56313
2923822
55648
55869
55948
55890
55875
55946
76373657
53803
55571
156299
53804
55952
55563
55870
55906
56018
53407
115158
56009
56014
103799
398020
2319206
54761
55584
53853
56256
55896
55893
139259
56294
114762
198830
135889
1204733
56451
198831
107976
278477461
104177
1937057
192791
104238
56288
114769
56145
114379
56328
104650
348905
3014986
56365
113624
114148
136446
56840
104186
136430
104184
113465
407717
110450
139026
1550629
56325
1530587
109102
56352
138088
56247
136488
139257
106665
104754
106388
56854
104891
143137
139025
54190
138304
104237
104708
56837
109090
56401
113377
56253
179075
3014850
154504
140989
56252
154501
1240078
3013630
113541
56324
1933745
56422
191039
3019267
53460
1550630
53860
53394
56839
1376491
56319
56099
56312
192318
85944
2395867
56244
1216380
56093
53660
56315
383890
53845
104748
3018141
56239
56329
2675270
56078
53838
53453
55822
1240069
226903
56085
56194
56299
56400
57867
56076
85385
56360
53835
88810
54189
3298774
85362
54531
53824
56132
411190
55831
56908
54537
3009289
56255
39202
3310895
40969647
225548
85939
147296
3020077
53806
56025
1777255
80458
56141
55828
53443
533707
56033
56045
2547643
402221
272368
54174
56028
5937556
2980961
2739991
56047
2673889
130884
1270822
3007932
53819
107267
3007383
2675832
142714
139588
60187
2811291
2425988
111031
1672484
545474
190861
62675
26480399
240033839
2032148
27020
87334
226902
56104
90409
56909
1404340
3008713
106719
56250
167718
1240079
3016826
56125
1403918
56049
57881
240071610
107085
62370
198336
56240
286390
142013
1240070
56117
2888899
80413
143048
1622687
224246
1244795
1959492
3018956
154471
147464
104915
56035
56204
411195
1259562
56366
246673103
3006850
184477
2713205
108870
42284
5811935
56075
140078
55712
279420
108858
271108
3015639
1550620
419190
41243
1550618
56171
3007014
1622702
104884
108886
75630
3010628
56029
3010292
60050
3018818
56113
87837
106714
1777254
3011198
1987154
1345754
139647
56100
1240083
3006405
113358
107985
113487
3011596
1345719
3006874
185407
56241
1240076
3019590
3012206
3012849
3012297
106951
2245475
3013597
1823116
3020069
1672416
3018476
85947
105267
56203
3011922
3014991
108990
1672417
108850
198376
3013621
3015002
3018213
3006899
564957290
904542
1240081
977317
85640
58652
3360429
3010626
143115
60243
3014836
3016468
106291
3012207
278721
106419
168202
3006860
3019073
60244
106716
157777
3016772
1413399
1420601
60186
226708
3006199
3011446
3007324
146277
104730
1435635
62471
80470
240046032
3019109
108887
3006203
3016841
81678
156383
113646
110019
146629
272775
108843
1404333
142865
3019128
1345744
387318
3012850
2085598
60072
3009024
3011643
85616
89394
3018626
1240082
1734306
153976
3019138
2177187
7606486
269659
3016857
166806
269878
105777
35735
150575
102786
1120885
143149
3007586
190811
3011521
89396
1975754
1669096
111101
184460
85626
145789
107079
145168
87328
3006875
85583
2673801
58213
454723
107231
72380
126426
226966
142858
132349
150319
2669920
1405479
143490
84271
111074
144725
198433
106959
1672462
88115
3007509
227227
5176019
143145
190271
85609
1111055
411203
108849
3008857
2667807
113134
3008014
113395
110008
107024
1672515
142706
3388631568
85587
3009290
349042
3513471346
267762522
1347238
144399
3007562
157574
157699
143113
2672050
141916
184476
2673492
1347195
1347476
143117
147301
2671821
106013
83124
2672323
157559
1268700
157576
43890
110009
3006074
1792386
2673506
3007393
144691
144336
106864
3007364
106314
147299
1947863
106655
107075
3015417
139559
376544
3006035
145319
3010987
2673383
1947852
2965129
153363
2673221
141913
3012357
144554
2672434
3012245
1131963
2090949
1347070
3006983
144721
7392435
106782
3011656
301079
271514
106298
2671314
1777256
144408
3012360
2963979
2615480
3009288
154502
2094194
2965130
1792387
3009198
3007853
157394
104886
144334
2671234
1404338
142004
2672149
2963969
2671799
3008257
87645
2673388
1672457
88638
3009194
2455086
139540
104965
139561
422124
85588
141055
106761
132367
3007637
2673321
142271
132585
3008904
88580
3006339
252565
184467
113038
139774
190281
3012244
142276
184506
47654
132376
104975
2032132
31988486
534266441
431467282
534266439
30432487
61299291
146509
3011045
145317
132601
104978
139528
417362
76465
39727
190862
153092
145990
134034
131175
1346719
184490
75457
139784
409122
152607
91906
5805195
87922
226968
184523
226967
107014
139508
184489
132378
556075
134188
91925
184532
184468
139108
191712
107015
139502
151940
227232
104962
398673
130957
62499
145612
88595
2146251
409676
190870
1686699
107402
296095
227225
166786
134197
114907
191605
182954
128122
1346668
139499
2094193
83175
191528
1299601
138675
149596
2000314677
1346852
149990
109953
167691
226710
104982
190869
1347688
167653
167652
150532
109754
20975578
271973
279240
270098
279279
271975
191696
1345514
398693
1111036
191731
1111044
190262
105870
1345825
131189
151697
1346288
138333
279141
43007
167648
107021
190362
252551
167797
178750
1346319
190867
1552703
1111051
105278
1346767
130914
138337
1111039
1687730
202073792
271970
1345977
148550
1354664
190328
131382
134183
1345963
189450
1346287
153800
88129
134036
88850
145278
131862
178746
79480
141947
178747
571802
2193837
1952636
1016572
131192
131187
287687798
190221
151123
1959916
134122
168645
123277
1346218
153566
168203
2194745
2120173
1646090
147061
134107
153136
2798105
1268674
132347
411466
1016561
2087180
167676
43811
138356
153086
154888
145247
131185
1131673
2086237
1268561
1268595
137735
131594
152625
1268683
168198
154941
146344
153109
149296
128158
2146232
44385
1016585
1016588
1017363
1964311
154030
155370
126829
168019
168017
2225912
135798
153795
145207
1951964
134028
138911
138349
152277
138906
139128
337131
168192
295807
2989159
154287
138330
144325
146210
166728
155947
155368
155445
154297
153785
154881
52343
152630
2152285
146472
146130
139103
145820
151935
146137
137964
1459350
3013059
123561
145596
2317358
812310
142096
141258
138899
138323
152127
2317355
155369
152601
153567
153745
145497
139237
2195080
167741
137518
147006
151148
2815477
116871
547426105
131429
1653224818
151931
137556
130323
366694000
28234964
357000807
2088773
153741
153592
2317364
154885
146445
2146178
2148493
138896
139089
152114
155366
3087248
153979
1759477
153806
152621
2195069
151128
153142
3047224
146128
2196171
147008
2147774
2690095
150018
131596
153743
3017000
142860
2799557
153565
2515282
131597
150569
156274
3103093
1965265
145900
150008
135836
144629
104501
146300
139098
153149
168003
72525
2317348
2196135
2814001
141234
153742
146468
2764712
2819250
151694
146127
146215
135802
1874873
153824
148011
168210
2814058
146225
145518
153121
145624
2531584
145625
150573
155446
150024
154028
86754
153977
148027
85534
2317365
153737
146314
131828
147007
2812042
137968
138908
144784
2155862
138294
2196165
144864
134103
2825421
1782722
166905
1959472
137541
141262
152599
2533326
2196155
152619
116869
1017381
153151
2533318
152279
152123
146135
150027
2087433
138305
154301
139777
153364
153153
150003
145941
2814103
156231
148850
144634
2828837
144860
2431261
144631
145836
144869
2764710
1380258
145501
2812075
145274
144326
2614435
149307
139131
4115866
2087675
145507
151839
168641
148841
2317346
148182
139113
149429
149441
3010028
144875
3063241
3074405
142703
2827451
2155863
153594
152624
2533822
153102
135830
142700
1272374
2520287
155957
150034
116875
2506300
1398615
152597
139334
142701
152278
2155864
142702
2190572
143114
134190
141868
139345
2798353
2746229
149431
143124
144680
147994
2820906
150133
145743
3020473
146213
80143
148015
152620
151684
1650630003
1650684518
129336
146332
150023
2827425
2155866
151227
150019
144853
149803
2518034
168209
153365
1987516
145913
148858
2822827
151672
144788
148018
144667
3006415
1395355
139791
2615716
147988
152604
151109
149241
149593
145511
3074390
146346
2825885
146211
153143
146330
139350
144873
139779
2839668
152628
145949
146444
44144
145739
2819275
1152654
152615
148016
3020467
139830
145622
141957
146336
149995
145252
144785
146342
2622204
114811
153570
155449
144839
149309
148553
144844
151929
153569
148039
135824
150017
142863
148184
144782
2798531
152617
149300
1536593
141135
2097692241
1648932137
151649
2825993
152136
148847
148551
142095
146216
143116
536899
149025
144783
149987
139792
2092425
2171253
149430
146334
149602
147096
146455
149435
153278
144789
79637
2497864
139800
2826006
144851
153367
141112
74542
149991
149701
131421
149279
150499
150549
149248
151689
141073
144661
150563
144676
148863
153366
149436
151136
2148431
139835
116874
491153
146224
146209
145312
149999
146143
139793
139372
148071
148047
139822
148031
1084369
149996
149689
2141759
191740
144636
155924
150507
146146
153812
149714
148183
145735
139371
149028
482067
151641
149029
146139
153116
149291
279446
151710
903831
149432
148034
149278
154027
1529748
240072888
62699
139841
131411
3006300
147176
2120285
138884
149997
141163
142857
138300
168606
531620
104492
133147
139590
139563
153119
150534
812068
156673
148065
3478916
131442
2105378
155920
144649
156977
154292
62599
146328
131603
2143354
149806
2503801
158403
135628
131401
156563
144663
128126
145606
155953
148051
148043
263116818
280441
144645
149727
139339
139375
134136
269907
279407
76383
226728
146302
129551
139778
128131
149027
45589944
149428
146125
141194
156575
533706
154304
156042
138877
131033
148044
406060
457016
193260
1415883
149026
403055
2094154
138417
136400
244081266
3246491
139342
1746535
156986
104756
156967
168204
129520
134097
456862
2106909
131799
138676
156981
135860
105281
145947
131842
154438
132510
154443
172630
136383
155918
83814
131838
158459
156555
131822
136373
136379
1777268
1361815
172639
1227134
165131
1229109
1283520
158716
131027
136388
136372
156103
27431648
839039
76464
131648
139231
131783
148794
156106
1066727
138679
131802
131593
131197
135857
1017408
128150
184466
158161
91246
136381
139326
132556
131178
132491
131814
156994
184507
131001
158719
163619
156561
163578
156737
1751079
154446
156104
155930
135848
129595
131770
131030
132520
1282528
138882
154307
178138
2816593
332346
2425990
128151
324739
131168
156743
191739
130921
131013
131627
156990
533709
131840
79648
1299572
168235
136389
155946
456813
131616
404589
902338
129575
156972
1017399
131803
1283510
158848
83818
155952
156740
131000
79196
131600
132381
2185077
961284
191742
131198
532352
131029
21904579
104647
142308
117651
132492
184433
155940
156732
1231489
2815754
128152
78821
183749
139346
90793
128142
1016603
104404
142182
156675
184431
156568
131841
129543
156679
168185
131610
136147
1231488
184424
160900
131182
454722
1284382
104762
1998320
85689
131171
158881
82933
159054
131195
129331
104747
901990
1347588
126354
168589
2175078
128145
74495
1418659
167719
169849
168180
104494
128143
106255
1379335
158974
457024
70040693
167728
184417
104639
104631
79396
132505
1231460
74496
79397
104009
155941
78775
79395
79191
76680
2195076
79186
129523
168169
76271
156677
390184
1964153
168181
1348706
190823
241072
83090
167739
76467
131179
132525
1387273
74566
167720
133945
184428
104759
103807
102271
1078990
104752
901985
2460523
76263
184432
1348707
2809922
138389
1964164
145768
103624
129471
158883
184420
168637
229685
78763
158880
398883
1194104
104374
183746
1348698
184425
132342
132379
1959458
390188
216374
85685
190819
131038
2317362
1348699
1354393
1162548
2460463
138400
36996
1322070
103625
79639
109772
2811698
1964157
139330
138739
183747
172598
173370
190827
131020
2724049
216272
83089
398877
2120626
398893
131017
269921
154964
142197
76072
1398638
544063
1964310
183750
128167
169023
168953
173373
168851
2317329
131037
2144405
131172
1453925
1750226
173372
1965556
1965259
900365
1965226
440145
1959445
112993
550725
1362164
89248
115032
146010
1959489
336819
2811223
2433239
145823
169831
168240
120338
1833963
173371
1084365
1924004
169861
178093
158878
2806471
190820
2146159
168170
155468
109921
1230206
1640521
167798
112997
169860
120892
160906
168183
168850
168173
2349984
168853
195297
2073151
168927
1965551
88068
1320062
1354280
168251
168174
173350
1348737
2806514
2805152
161352
173351
43020
178739
1682243
1354392
2524225
74811
102523
166727
2073463
37775
1390849
398716
168234
85799
168951
161366
167682
1354299
167792
155028
398863
2316594
168852
115401
74818
190826
135410
167679
158478
143051
1469724
168172
1354337
1410703
1410142
1423776
6837742
155470
296083
89395
2524314
142193
1480032
2073472
74792
398932
131833
178737
167659
5812083
1455187
1066792
398710
1159758
161133
1240194
1448559
178094
149159
157302
157030
141991
160907
167680
1426915
74806
160887
1477892
1452081
2439316
126281
148359
1458053
1410207
1456633
1431094
161421
94401
1448546
391184
1381444
1457128
161435
1240509
1421330
1239796
1388175
161424
155009
168022
1452202
1457019
157300
1855926
1479989
1448683
2752783
1390434
158985
341381
1465162
1448696
115056
1476188
1206797
1448718
1476134
1474898
160891
1479980
158902
1475324
147164
1462008
1421537
391153
152468
155036
391187
1452155
1480404
1422335
158160
1422612
156948
1450080
1477917
1473517
1225483
161438
160882
391157
1477717
1456770
1466455
1467738
532356
1412652
1457074
391194
161437
1159937
141892
149002
160885
1479603
141878
1478019
153228
158987
1401321
373986
149162
1459394
106211
74800
1467830
1467358
1225441
197564
115053
1412656
1480431
1225363
532358
161128
74805
1637057
1227698
159010
391201
1465933
1465057
1185209
1412723
1245224
1240538
1459535
1400524
149001
1412715
153756
153578
1226307
1455009
166896
1403211
2420744
1269449
148342
1361468
1410861
240028160
456971
898051
1263704
844710
2014597
1456792
153183
161093
1403839
55469
7034910
1224468
1452090
1403233
1230211
1388016
145989
1399708
154391
1084091
1243070
1468000
1226996
1079069
160896
1433703
41094
1236192
1547430
1236194
148229
1529753
1083099
963197
305639710
1360062
332476
1877580
150041
214671
2103532
531599
531480
2425993
2531274
1395349
2812110
42722
1230120
533787
214599
420220
1362157
1079416
214598
114373
456785
400118
1230123
206544
1361492
206548
3218318
1079081
1079343
198265
331463
1194075612
2181664
6076060
224462
166718
1084185
43921
902329
197609
1359190
4348295445
195826
1028987
198268
1079084
550086
2692232
3323266
1066657
1547285
1079223
104333
1536462
531491
1225196
1084201
27593232
1079075
1079061
1083100
97213
1078993
812319
1106183
3310948
1223832
3058686
897529
3594027
7390
558157
454721
74557
3319514
1362320
92949
114027
533711
113919
1673977
550088
5812078
1066767
111018
531459
390265
1106396
897992
1069702
1370746
344962
2369444
8654
454716
92956
115997
1066781
58175
7454
1069694
160892
1066801
2145734
1082288
166904
963190
542625
1664257
1069700
1066796
1069729
964557
975372
54882
5812079
5812082
1067808
1069730
76211
163614
3317381
1550595
92968
1082276
1069716
1067835
1600068
1433721
414720
2675360
2723258
1082290
1066803
554457
88977
1066732
415484
166733
2417529
3396084
2390840
1069690
123009
122756
2808146
1775054
1776249
546937
1074640
3247678
74148
115065
939906
80379
918574
418647
1067777
1839460
172061
141970
138806
141972
43944
966958
810217856
115286
1224252
117659
228340
1067817
135856
1067782
120745
298165
229786
115077
1283501
1252520
90767
35078
1404156
139298
106809
1067604
56013
154387
2094521
510542745
109934
185266
2022530
167726
74568
1231311
115168
1405230
3227399
105389
74559
1863732
1067834
123389
1066745
1284789
74569
156177
1227136
117634
173298
158412
1067762
154382
1217162
2362670
173297
132490
122784
122885
168585
1107738
1404741
197353
1067583
1404228
1303516
1405241
126574
1319715
1355581
898238
1106819
1106788
133904
1401694
1361999
3256269
126561
1067734
1401638
155005
1217159
123533
133770
109933
1066917
1405383
133767
156171
1620629
45401
1405131
2032812
1404367
1059984
138910
6838330
1403940
138741
110587
139558
1405115
1402753
181703
44097
9122
114365
157879
910714
114993
167609
2811800
114377
11978
941536
1265063
2691153
88146
1231310
88625
11358
397157
1348560
1804856
3000952
54813
2141214
1342039
306004
5811956
2307313
1066584
9071
168584
122823
1637048
2137636
60148
121715
1106179
1333690
2690138
2868289
1127162
123337
88613
1550559
2076861
121739
168236
54854
401187
104336
1842527
975590
3001265
2850417
123262
1059914
167591
1375910
3350111
1351952
43978
1059844
92955
46260
1106780
411577626
167603
166907
1327628
1320226
5038117
114902
2714120
1082277
1334436
55121
114351
76373
2563285709
1226244
1268207
170587
1673887
1747944
5812085
537569
44125
114366
1059691
114372
1332064
1066830
76363
58140
571129
54823
146345
114354
114352
1878201
59161
121939
55233
1550546
54535
55148
114350
53402
1059685
405908
2873244
1745243
1014470
114362
2167844
55208
2521916
3354238
166754
410820
1828595
216274
1405150
55083
961522
55844
2958956
26482940
55454
104337
54830
2016159
55189
2997012
2995467
55186
1334017
1550561
1320176
536205
112857
2850346
54712
1353532
2698742
104345
58028
58065
1332269
2862841
1300499
1877808
55128
1127092
76359
167608
2084789
1530586
2043639
109383
83082
1303876
1107354
1131944
170666
114357
2725478
2426005
1059689
1319816
216351
114345
2718490
1404343
2994939
168631
1792373
1948194
2668633
1351548
1357320
2882148
2904508
170641
1127182
2178684
1107263
1246640
167602
1669029
1082294
349052
1298955
114364
1923929
168245
2997071
2453270
114348
1107348
1348625
1320707
2168714
1332151
2180404
1107715
114346
2992521
1334824
1957077
1106267
1334216
3256084
2247277
61911
1894771
1107288
2032100
1106285
114843
1107395
166910
1107270
122809
1106291
1947869
2465173
1792372
114337
1105922
1664820
1550566
1347158
2563285696
3243124
1016559
1879617
3256329
2958206
1631524
1106185
1673921
1889154
3256761
11958
1066470
2998589
2247491
1640637
1106275
1301935
2178689
1060552
166739
1270518
2023072
1550548
387146
1332082
2460541
1060215
115250
2621967
3247767
1076369
1106408
11950
1669044
2411584
2247331
2139602
1107265
2638183
2084776
1673886
2094522
114378
2461386
1106399
1550568
2145735
1744281
2917955
2596555
1550584
2718801
1348650
1948243
1066562
1947385
1106824
1318214
1669042
1346955
1550551
172186
168630
2646310
2646485
1346246
1550564
170555
114368
3248260
104371
2872088
2015101
395658
1671133
1959485
2032098
170568
166760
1106209
215693
1331311
1669024
1550562
2247311
114336
1669034
1550553
2084790
2505782
2452287
2084823
51296461
2992480
1107353
216217
2168233
2452272
1107350
1999114
2539350
2646516
3247647
2084805
1351267
1920171
2247233
2464719
2993601
1106402
1669021
1924326
1106282
1067764
2026303
1631507
1107351
88616
1550512
3256204
1352398
1325307
384005
3256242
1106409
1268492
2043634
168620
1067789
2026244
114355
2465165
2247352
2667594
1107345
11318
1060250
2596658
170582
2460472
1999099
1999192
1965547
193054
1944643
2247211
1828598
3256330
1744280
1358731
1067598
3248249
2714612
190178
1744279
2460536
1106287
1107393
494043969
3247809
166899
2084803
6838331
2804460
1162528
2049400
1108110
1066471
1999252
2505788
383059
1553155
1550554
1244085
1828593
1107261
3248514
114884
114367
1066683
1105920
106521
1066475
1107289
1999133
1999150
2425986
2307203
1106173
2247244
114375
1016001
1066606
2181458
1066473
3248309
1999345
88801
1066455
1067848
1877750
1082292
1066653
1107355
1109201
2460551
216373
1066563
106783
2399220
1877989
1999389
69730
2171446
104335
1066853
2531532
1066956
2015297
115106
1404342
1060123
3247792
3247680
577359740
103234
2434268
2460577
3247790
1225794
398942
1060289
132373
1109200
410804
1965233
380346
1067821
1106257
415482
1108113
2163933
1060330
1066589
1792374
1067849
1067587
410803
406169
382225
1108111
1669030
59839
173299
1411877
3256268
453031
1067771
6837681
416062
571099
93281
2714130
170559
93006
58027
1059785
1107745
1395469
2139059
1067576
1553165
58072
1067724
92965
11957
3251562
74570
245711197
412707
2448882
2084785
1109202
1392609
11968
2638181
58050
1108115
1060184
1066638
2015121
1107720
89773
59840
1289010
2460505
1067757
971023
2536070
40683
2539242
190161
396248
1067788
416658
229395587
1067751
122405
219518270
193222
1067608
422431
1750339
1553174
92970
1060300
165563
11240
193047
1066644
1410912
111134
1066689
1013802
1019690
409120
88832
399747
1013579
1279411
44134
120148
2862867
2690110
1107711
59710
88807
2807559
1060229
106814
1067767
121773
1103578
44804
2882617
391220
2705167
63355
1629622
729167774
43955
1964167
166888
443158
106442
6838718
2862866
199158
1067738
452648
398724
1963719
1016569
7328360
392340
55619
1106175
166768
538362
1016033
1547390
55871
3349077
2013699
2401505
1014449
3356894
107010
2531512
105272
963199
1159670
2529848
197697
1014488
538380
2139375
123393
227233
89771
897984
346317
2171492
1069606
89766
1259088
2074756
105268
6838332
1631541
87515
121881
44818
74287
42153
2809659
655969
105280
971033
1074553
123278
106437
2531521
1158718
1013863
166753
166925
402751
2084668
53418
1966020
416656
447597
2692156
1071098
2084658
2371819
1004432
2174036
2713724
1345803
903988
2170323
1288755
197696
610744
2121672
56149
2139813
1014412
206547
1004068
398950
538363
1014452
1107740
974189
55725
1735475
114942
975778
1013581
974218
1014465
1249704
1378690
1060141
1014053
167587
43933
900260
1204430
56235
2468328
54784
120256
974215
55583
1004254
1130433
133571
45037
1107723
2202244
149182
961595
44597
56040
1014008
76352
1107724
1004330
1378626
102268
139278
964950
555358
191713
970101
3349674
1014436
145178
568575
2598107
3251295
975568
3227810
3217684
373841
721572
194571
420762
1003358
964519
973320
2991079
406166
120189
1014009
1014440
44415
44933
901588
1014017
1016039
3246577
1004349
166909
55719
1860340
975769
1109203
1261619
1127158
971040
2413663
1004400
55664
2816901
974234
964480
1067175
114929
76377
55943
1014067
2770659
1401303
1014065
531461
646451
721570
225549
3256164
76024
415485
1402561
147173
134106
970997
971003
970963
2399784
1805044
1103582
1376609
1253665
1291402
415487
5404608
1268502
971074
55589
1014063
1014054
44143
1014423
231328650
3225945
3010736
1269568
1014425
910711
1003302
970000
1679959
167593
966730
1126191
122419
1152556
3349631
964504
3349934
55653
1269513
1259176
3237066
1103581
966739
975727
114339
114356
106467
1295577
1269641
975768
420261
1265638
1286942
1279682
105274
1003538
2954777
2787926
1377054
910564
1269374
106469
412712
1268570
5812080
2092350
3359700
975783
1042900
1268506
1706936
2412574
74585
1858224
2896660
910703
1631531
3006257
1307390
974227
123510
2719041
1269468
1243759
1671443
1279709
569467
1284869
419913
2307315
1243590
1281207
161349
1107725
106797
1307519
2689536
910707
1289193
3354254
5812066
3254946
2247382
122431
3255202
1103577
122864
2412826
3231415
1019741
1361666
397221
1043582
2610460
1019730
1314593
3240074
3246452
89393
1307672
114359
106420
419517
1107722
145214
120700
1376831
1402912
3258165
2762871
3255672
44952
447584
45024
1107710
107028
3255205
1107267
333597
43983
1277479
44372
2990453
3258115
1248154
3087982
910566
120706
1312553
3237192
2741711
2413664
89258
400417
1378841
2596323
2815576
1363161
3238668
3012719
3253888
3258056
117877
410060
1244825
1249525
910727
75139
1019746
1658233
404810
122880
2196335
1401444
3213790
55569
1363697
2924862
89257
410288
2741708
571980
108661
1251275
1279523
3258107
2789106
1014714
3217706
3231218
1363630
2772008
3087977
3251416
1279409
3087988
3007492
1270912
1314591
3246441
2815619
1106288
446100
1281234
1043606
280245
569470
146337
44839
145418
910704
106793
1281095
3247831
3258028
55657
1806492
1281172
1311713179
1107423
2815585
44200
2753128
3349708
2444027
107037
1291589
2815568
1107398
414315
1251168
400410
1669059
1075002
1107262
404193
1251403
1059673
1019734
4430941
1856449
903230
1103584
3350102
759198
3251667
1316098
1842545
3254651
1243833
1473938
1307487
3012404
2067293
1261462
1329869
1286998
3012412
412672
3087983
453674
1698501
406574
1704198
3347385
2815653
3087984
3348882
90724
1264630
404713
3012422
1856674
4348290729
3223995
3228098
90277
1059649
2815640
2131957
1403897
1075118
1059671
3012442
1242356
1251254
1289084
5815683
3258085
122837
401802
404815
1085441
3357208
3012405
2757754
3215936
396250
1071170
1249595
1059660
44749
906558
1246635
2860044
3216333
1107707
1402709
410183
900256
3005972
2828625
121978
88823
1278326
1066266
1245011
3087994
124535
1279979
43584
1162686
97218
1307354
1019750
401160
44290
411560
3087985
2989340
1259550
3358385
2723923694
1251296
406204
1664973
1253817
453668
2131942
447585
41056
75801
1107394
1270750
3246442
44299
1107424
53351
1075038
2815623
411551
1269680
400311
2718743
1403080
532006
532765
1772909
1107709
89253
1323775
104332
401161
900261
107023
80409
122374
2755981
1295607
404200
911088
1631530
1067262
1108014
3258140
401847
1767434
1307611
1253405
393835
910713
3354596
571970
400414
2606649
123272
399828
1107712
88621
167699
199088
532000
1380268
2815590
1245052
123327
1152133
1735485
2667257
1107425
3354571
3002965
453052
88826
1107396
1059674
1550556
418783
1163977
1019713
1279573
411573
3358355
3347372
2808164
2050519
1108117
88629
56421
1379056
106995
1163209
3349910
1253778
162081
90773
3349930
1107421
2443928
44768
733759
53812
3354071
610738
97216
1069682
420754
44613
114955
2427331
401092
1550590
407285
89564
1381329
3357220
404197
88626
1242338
3246447
55826
122424
45016
123312
56420
88636
114343
88606
90745
88604
1956850
553284
88600
162431
1265682
2598542
1152139
2032116
1068067
556073
1410959
120850
88799
3354170
3349904
88627
1203046
1152555
44319
53805
401798
3347849
1326916
88605
3212258
447595
168023
145153
1734911
3359848
145399
1325514
3348769
146333
532009
1734934
901533
334051
114923
1823621
3359871
401820
120832
3359869
1550593
46902829
3352911
3245104
1640644
62636
106798
168239
1411878
1434381
1734929
1628147
88607
554460
3359840
2444605
2444984
901534
3348459
122400
106481
1267392
3357223
3348892
3357537
2032842
1152642
1290654
1410876
3347359
3004178
1376769
3347918
1392121
44204
3355613
1401223
1162541
145286
1267394
145151
121360
3005198
3354222
3348772
3355625
56290
1540512
52395
1152132
3005662
2610683
3359845
45253
1820891
120714
44145
56907
3359668
3349604
44909
145413
3348883
454889
3354996
3357552
1152130
1771734
1324150
1424253
3347845
1392196
1771756
1672402
2751685
939961
1410843
3357553
1828597
1539832
3358587
3350280
3347731
145158
3347850
2399780
1894738
1152129
145150
86048
3347910
3349833
1150942
3357549
1150943
3358938
3348881
3359862
81816
1624675
3352934
1127242
145322
3359634
1647567
123305
1401576
43392
2754517
1771854
146598
3359694
122415
1156581
1735473
2032464
2084703
1674609
3359744
1861591
3358738
1402749
3357086
56304
2032445
1253511
1402733
1903477
2460525
1453939
3255095
107007
23074728
3213219
146007
3359689
136454444
1150940
23074725
145275
1626147
270265
23074721
23608715
202905255
1392201
106507
23074927
202905254
23074935
202816646
23074720
136460540
48925381
48927573
136454429
23074930
23074929
48925383
330473812
23608718
136454448
202905256
1627251
3358867
56246
62772
2414645
1156582
1625798
1392123
2032396
3249766
240071747
1152136
1152128
1630104
120328
1771742
1150938
145166
157292
1255558
1150939
180451
3243586
55681
3353156
145224
1255555
3359615
1383412
1255333
1539755
1539723
115229
3359608
2034933
3243197
1402724
1630145
3219356
368650
397076
2097683
120516
106499
123314
2171963
1354475
2545593
1773030
122888
1402750
145970
2754881
1162552
380973
3243690
1163971
1156584
1624718
1266960
1446283
2084706
1255237
1150937
114883
1772546
1253507
525577
1771733
2032402
1402718
1539774
3228254
115129
109752
2200824
2989219
1383415
120273
3355910
1395142
1152135
349043
2179568
3358842
115239
122804
1473474
1952429
1155956
120722
1162542
74516
1772919
120752
1539833
90780
145169
122826
168233
122822
2556598
1152558
1267391
1685906
90334
4145201092
1411876
1152726
3358871
3355418
56356
3356956
1794561
1745232
166807
142047
2947032
3241960
122915
120842
190868
3012962
227231
54195
1265999
252728
3357613
123322
1152557
123281
120177
2032458
1952171
91914
1156583
1392191
3220685
3359677
3355312
1253409
398945
90786
1342361
37307
3352139
1395126
3351336
3358663
3358613
2780630
3359614
114829
1163208
91877
1255319
398862
2074733
105143
2451622
3359645
2981211
2307310
3359656
3355699
90328
3352914
1150941
227228
3020742
3359752
34920
3347893
120141
106511
113764
54187
2957904
3006765
1162677
1674666
3016973
2553300
3356110
129754
74586
1376761
3355031
107013
122381
91290
1771739
121749
3016834
1163973
1831206
120775
1163211
1015968
1383413
3355367
3349905
1274127
1150955
1156585
3349380
3228947
2988827
56164
2552985
105089
1162527
43839
138056
1383408
1539801
1386979
1163975
90332
1973598
3358920
1854763
3354994
1340091
2952864
122843
154220
3359578
3359572
142086
3342022
1342811
114872
453066
2738922
2307208
3354399
398944
3244962
3350106
44788
3234489
398947
2959874
3359719
3013038
3359675
3352782
453050
2171961
1152554
3349820
2973029
3232992
122813
3348412
75456
3353620
2990683
3247886
3357030
3355695
2449428
2958755
43989
2873684
318807
3342023
3233214
53832
1309662
120288
3359727
1952549
123319
107091
2951716
3359695
3350401
3357031
167669
190359
2436914
2952695
3347719
43656
1223673
106802
3347752
3355442
2414646
2444025
3232786
3348381
1340048
3359872
1772521
1163974
3352883
149455
114944
2147147
3350393
2379848
1347672
190333
189445
275926
3359627
3403431
1345819
2972955
1309641
3350423
3351055
3356984
2985127
2547697
2414647
3356937
2549937
2989282
122370
3358712
3333656
2928265
1155339
1309066
3357088
2962339
91916
1253513
1402715
1540548
3354958
1547702
139503
2964661
43806
1161667
1163972
3249322
123282
43709
178748
567267943
3357712
1340074
121840
1395104
56109
180442
3357709
123320
1309642
1161684
3358836
1309622
3221546
1851826
1340037
373983
1252279
115055
167796
919703
122680
2307251
122379
122798
2963947
120704
106752
1339820
2954819
1392613
1159671
3211745
141549
2927066
1340088
1268593
2776280
120567
44555
3354557
123353
3342227
1253407
3240420
1379215
3250832
2966074
1161610
2919649
2945004
167793
2574214
1342037
111767
106759
3241725
3240056
3358794
1395105
2438130
2972852
2247303
3347257
40857
3349854
114910
2573997
1374629
1339877
138057
1161683
2436519
2451579
2528474
3348382
1342812
43706
1161612
2556557
120296
2429756
1152722
1999686
52373
3248394
3234092
1945986
1342040
2434875
117858
122855
2438728
2451539
1339786
3240203
123264
2032400
453042
453913
5811955
122828
1772841
126518
1152728
1368798
138502
1339892
3235880
110293
120846
120312
1161681
1152729
125675
1339778
120536
1117583
141625
1664272
114771
1392622
44544
123394
146612
3349936
1161611
125618
1376757
1392624
122678
453025
56159
1342813
2759370
326287
2452671
453027
4443571
1360887
1152727
1161682
2412710
1592502
1161680
126520
2438992
1158568
142043
2438128
123363
122383
1152724
1395119
122862
120327
1309655
1386967
1279412
1387962
106803
2442883
2247302
2443353
1340513
1342038
168650
1970744
123265
107069
282427
137919
44279
154613
120741
56050
1340125
110597
117887
2429069
2440455
1402747
1159664
2451580
111603
2009736
1159663
1395135
120235
123730
389983
1540519
1395141
120308
122829
1158569
1158566
1158716
44807
2416266
146200
122907
122841
1159674
2429244
122382
1395137
122815
44219
2445563
168647
2452776
1159673
1158564
2412675
121987
1202656
2449429
1153513
1152643
1159665
44884
145095
2651806
2438727
44364
44280
2131460
168014
112859
2125492
26487666
2443357
90290
1675657
2067278
90804
2438231
90306
122786
137916
1540524
1255561
1380223
2434438
1159669
1158715
2084718
1159668
2415687
1268584
123354
1163207
90287
2416264
2451374
121990
2073952
1159672
1380948
1268702
90808
115063
122808
123506
43740
43964
120196
2414648
1335802
107040
122703
146131
2442881
44056
120175
2413662
43863
168197
2436521
1159666
910544
2165312
1161666
90259
120318
124458
2452642
2438993
44126
1263319
115061
122704
120197
43858
2452669
1156768
120757
145270
1271150
122418
2812109
123706
1016564
2122060
1539722
1156523
334927
2425989
1380951
122820
120236
1392619
2032450
111600
104106
1252276
120237
43984
126439
2415688
1870135
1017362
2440454
2429523
120198
137910
2196336
154109
2032864
1675701
170579
44754
418225
125634
115218
1161664
1342360
117869
1894502
90262
122821
2379919
1928333
1270488
2436520
122868
139282
44233
957268
1223723
44584
2207890
1228408
2449427
2451375
2427626
44780
1342041
2429377
1547688
120321
43826
2443356
122781
123883
2438230
1392621
2267562
2067286
121855
90813
111601
2440453
122617
147268
124464
20995224
168227
3249857
1771718
90284
122832
2533746
1772952
2815401
123758
389963
2443354
2438729
2436894
2416265
1861519
2379909
1863606
43999
115006
2434439
120251
123897
125215
1376760
1828382
44012
43850
2147227
120534
43761
1474716
138014
1874847
138943
121876
3210999
114854
2200642
2200823
117884
44164
2436893
168006
2812216
2728542
1223664
2195024
1959473
1395465
42809
45112
145999
120203
803018184
146610
2811754
44239
115219
122852
1473475
387496
2196921
1828388
1253406
44959
1912453
1106290
2379886
2167656
126495
3221548
2197548
2438229
1395213
167748
44974
1386972
2067281
2939673
137913
1274015
115185
2146095
191251613
121688
2146988
1158717
3097346
45236
44766
155908
1446311
139611
3047134
2533313
90298
2202144
111607
3713815561
115142
44282
115079
2313832
124127
129418
44667
36473
2155859
386602
154605
2399800
115165
122805
2825240
45104
168009
122628
2196133
120580
1804202
168008
1815270
2317350
2811920
44800
44802
44940
168231
957327
1162680
139566
138513
76264
168010
2832490
958677
2307235
2379915
2691151
1553189
3070202
122783
123279
2146238
121869
2146331
2196139
1223658
2830233
111604
43652
122806
