1000000074051
1000001078990
1000000153732
1000001392619
1000000054908
1000003163195
1000000074792
1000027383264
1000000011957
1000000156299
1000000179367
1000000551814
1000001121026
1000000042278
1000001520612
1000000107075
1000000114993
1000000043863
1000003013116
1004703444614
1000000161943
1000000106211
1000000057965
1000000721572
1000002956616
1000000142702
1000000039514
1000000074046
1000000115286
1000001059668
1000002666886
1000000547511
1000002273913
1000000172710
1000000114027
1000000056247
1000002689653
1000002185374
1000001626147
1000000059760
1000000058003
1000000081996
1000000146334
1000000165131
1000000053860
1000000106481
1000000111600
1000000145274
1000001456633
1000001552661
1000000158861
1000001959916
1000000073977
1000003017808
1000001540512
1000000177907
1000003256164
1000121511807
1000001945986
1000001117583
1000002247382
1000000052411
1000000279358
1004351432485
1000000153603
1000001259885
1000002638181
1000000171982
1000001244795
1000002067278
1000000055877
1000000296961
1000000160891
1000001352398
1000000144864
1000001251403
1000003348382
1000002952376
1000000227233
1000001154461
1000001320707
1000003348892
1000001066266
1000003777290
1000001423776
1000000154471
1000002949161
1000000759198
1000027303358
1000000044830
1000002811698
1000001111055
1000000417327
1000002667594
1000003354557
1000028217744
1000002713676
1000000131401
1000000532298
1000000145831
1000000092965
1000000195289
1000001208546
1000001685488
1000000575380
1000000134054
1000002831099
1000001066917
1000001079221
1000000089393
1000000115129
1000217419729
1000002962339
1000000120327
1000002954252
1000002171405
1000000112997
1000002416264
1000003325757
1000000150385
1000134129606
1002609539356
1000000190273
1000000112443
1000003247647
1000002764710
1000002953357
1000001122551
1000120565105
1000000302635
1000000280490
1000000151092
1000000041094
1000000240355
1000002120285
1000001187384
1000000278746
1000002125492
1000000158719
1000001082290
1000002247311
1000000088626
1000000286380
1000002529848
1000000055095
1000000037307
1000000062652
1000001197894
1000002806471
1000000145223
1000001004400
1000000142703
1000003372453
1000006803636
1000004670178
1000001216590
1000001857436
1000000214394
1000001253513
1000000216272
1000000106469
1000000552257
1000000136219
1000000043761
1000000149347
1000002778914
1000000155930
1000001209817
1000001348706
1000000347950
1000001922120
1000001206593
1000000007422
1000001079064
1000000412712
1000000155987
1000000135628
1000000062658
1000000207455
1000000135452
1000869609474
1000001924257
1000000194571
1000000966739
1000001747944
1000003018649
1000001084361
1000001156167
1000000087328
1000000422688
1000000106809
1000000123278
1000001268502
1000003359675
1000000415693
1000001197765
1000029277817
1000002414647
1000000085587
1002563285696
1000000153497
1000000391153
1000001671133
1000001675701
1000001194102
1000000123302
1000000900260
1000000552249
1000000197566
1000000445954
1000000138337
1000001858224
1000000349027
1000428039507
1000000531524
1000002202162
1000002711874
1000000536797
1000001223830
1000119089544
1000001347158
1000000970000
1000002733017
1000000153310
1000000121499
1000002848213
1000000134095
1000002998589
1000000053662
1000000148182
1000004098808
1000000076931
1000000122837
1000003010204
1000001421537
1000005812078
1000000142043
1000000129520
1000001466455
1000000152759
1000000079396
1000000150399
1000000135598
1000007392435
1000000135824
1000001402747
1000000195273
1000000279446
1000001144831
1000002155866
1000000326287
1000000186579
1000000155449
1000000107402
1000002985127
1000001877750
1000000162239
1000001106183
1000001166322
1000003792412
1000000088627
1000000380973
1000000157559
1004308338842
1000000454713
1000000168245
1000000398942
1000001959485
1000000122804
1000000531527
1000000055860
1000000107014
1000000153627
1000001637057
1000002668761
1000002032445
1000157927105
1001311713179
1000000152966
1000000105389
1000000139499
1000001964153
1000000104184
1000000058143
1000003357086
1000000054737
1000003152830
1000000106388
1000000550089
1000001083146
1000001146940
1000000146445
1000003358663
1000240046032
1000001060330
1000000062590
1000000279165
1000003251667
1000048311065
1000000403055
1000000165479
1000003163548
1000000044232
1000000133345
1000000085609
1000001014452
1000000272775
1000000169021
1000000135889
1000000153838
1000003478916
1000001015968
1000001116471
1000001965259
1000000185511
1000003012360
1000000059761
1000000141972
1000001701435
1000003359872
1000000106298
1000001346218
1000000910544
1000001201656
1000000054535
1000000057992
1000000157753
1000003324235
1000000153699
1000002939672
1000098279662
1000001230116
1000000157320
1000001231310
1000000007426
1000000152244
1000003064410
1000000172628
1000001216406
1000000030295
1000002892459
1000000168994
1000000178747
1000000091278
1000001164667
1000000331463
1000001141876
1000002313832
1000001944643
1000001016039
1000001151471
1000003295407
1000000138739
1000000149335
1000000153143
1000003349674
1000000088823
1000002917368
1000000163595
1000002992480
1000000060189
1000000145278
1000000062693
1000000108887
1000000334927
1000003011643
1000000109383
1000000172162
1000173016322
1000001924172
1000000549471
1000000144676
1000001410912
1000000130140
1000002959804
1000000055121
1000000145150
1000119089556
1000001828597
1000000945587
1000000107024
1000000138894
1000003218753
1000001843107
1000000295807
1000000532312
1000000055072
1000001076936
1000000167591
1000000056311
1000000131017
1000000155446
1000000404940
1000000052399
1000000062370
1000001735475
1000000161991
1000000168181
1004347988419
1000001082276
1000000147301
1000000397157
1000001771742
1000000053803
1000002675270
1000000536899
1000108393822
1004703444591
1000002953123
1000003159823
1000002351743
1000000143114
1000001831206
1000000135560
1000000420224
1000005746665
1000000058166
1000000122400
1000001702499
1000003019518
1000371700506
1000003358712
1000000150381
1000004097659
1000000156679
1000002692254
1000000142857
1000000039202
1000000043724
1004348290729
1000000104982
1000000062539
1000001080396
1000000912998
1000002904795
1000002745046
1000000055657
1000001202314
1000003347752
1000001392613
1000001028986
1000000155468
1000001550561
1000000375151
1000000286796
1000001278736
1000002690438
1000000536793
1000000271970
1000001381329
1000000179075
1000130072482
1000000340611
1000000542626
1000001152717
1000000151697
1000000964557
1000000055872
1000000051684
1000000156042
1000003333656
1000002109291
1000000404144
1000000531459
1000000557830
1000003012442
1000000173722
1000000058102
1000000184225
1000000044164
1000000280368
1000002552450
1000003087994
1000000153566
1000001107265
1000000147296
1000000092949
1000002460523
1000000135604
1000001758858
1000000055077
1000342110021
1000001281095
1000000075454
1000000241075
1000001279411
1000001155980
1000000280318
1000002167844
1000002379919
1000003307828
1000000280269
1000001380268
1000000132381
1000000158288
1000002952443
1000002954207
1000001999099
1000000288601
1000000055563
1000000107023
1000000373983
1000003047224
1000000169861
1000001069730
1000000343535
1000002917186
1001194075612
1000000055401
1000000106013
1000002839668
1000000281003
1000003648962
1000000152306
1000000144875
1000000168227
1000000556706
1000001240078
1000003011103
1000002633746
1000000153977
1000001553735
1000000068986
1000000153567
1000000142105
1000003015397
1000003006112
1000000180047
1000000280141
1000000058187
1000000152997
1000000058185
1000000059518
1000000153116
1000001236000
1000000115077
1000000129543
1000000449696
1000000106714
1000000145762
1000001253778
1000000195270
1000000056164
1000202905254
1000001340088
1000000147267
1004629911081
1000003331103
1000000055285
1000002917876
1000001151579
1000037336039
1000000531603
1000000102473
1000001998693
1000001107353
1000000963635
1000001206408
1000001539378
1000000286372
1000001288755
1000000969369
1000000184507
1000000113465
1000001748992
1000003012404
1000000131197
1000000128122
1000000446100
1000002954646
1000002988827
1000000116873
1000000158959
1000000117634
1000001047206
1000000139131
1000002438130
1000000146333
1000001201150
1000002952613
1000000134125
1000002025886
1000001084091
1000003359689
1000000114944
1000001459350
1000000532299
1000000147977
1000000056155
1000000241071
1000048927573
1000000089715
1000000135556
1000000133992
1000000401847
1000164761439
1000001246635
1000003251562
1000002755966
1000001227093
1000000358688
1000000122419
1000002146232
1000002918483
1000000055076
1000000280295
1000002989340
1000000186967
1000000305099
1000000074942
1000003012405
1000000122798
1000000135802
1000002464719
1000000166738
1000001107345
1000003349604
1000000163579
1000001156584
1000001351548
1000001270488
1000000447862
1000000088832
1000000153017
1000000074796
1000002032464
1000001243759
1000000139236
1000003228947
1000371700504
1000000123327
1000000241077
1000001155956
1000000420676
1000000080470
1000000058207
1000001550546
1000001446311
1000004819615
1000000157654
1000003006416
1000001003358
1000000192801
1000000143051
1000001236014
1000000195297
1000000286395
1000107358036
1000000143149
1000001698501
1000001963115
1000003357549
1000000157403
1000000131842
1000001163209
1000000168172
1000000055351
1000000153621
1000001135953
1000000059953
1000000149339
1000001963719
1000002171961
1000000007384
1000000536209
1000000149429
1000000055486
1000167241998
1000003012374
1000000114942
1000000153038
1000000543229
1000002959850
1000000173299
1000001156164
1000000280628
1000000153451
1000000901990
1000037332618
1000000144851
1000000044802
1000000145990
1000003317887
1000030432487
1000000172191
1000027593232
1000002956612
1000000305142
1000000138502
1000000542629
1000000088629
1000000154292
1000001159663
1000001878201
1000006837561
1000000114769
1000000373986
1000000007407
1000000280412
1000002820906
1000001996871
1000002833530
1000000402594
1000003579531
1004703402619
1000001363697
1000002615716
1000002547643
1000000550363
1000000055578
1000000074052
1000000161950
1000001640637
1000001842151
1000001334436
1000000112405
1000000172216
1000000344337
1000002804460
1000000074318
1000000543232
1000000349041
1000001161288
1000003350280
1000002804771
1000000195295
1000001013802
1000003012412
1000001269568
1000000558161
1000000115158
1000000195290
1000000147061
1000001111036
1000001452202
1000000225549
1000000055885
1000869606611
1000000087565
1000001151563
1000000103125
1000000113532
1000000549470
1000001937072
1000202905255
1000000531620
1000002812109
1000001204733
1000001224252
1000003006415
1000000056854
1000004016543
1000000056253
1000000153475
1000000104752
1000001120602
1000001227137
1000003909995
1000000550086
1000000168210
1000002720897
1000001309066
1000000172684
1000001772214
1000000007430
1000119423328
1000000153128
1000001307611
1000000280608
1000002950867
1000373171673
1000001879617
1002563285709
1000001410142
1000000151074
1000000349048
1000001107709
1000002954021
1000002531532
1000047036191
1000000224370
1000002379915
1000001444234
1000000148043
1000000165475
1000001209614
1000001106409
1000000149436
1000002666952
1000001303876
1000002915650
1000031585309
1000000150546
1000001113031
1000000043648
1000000097216
1000000080143
1000000123897
1000000145312
1000002181458
1000003005971
1000001898419
1000000149996
1000001435635
1000000550091
1000001281234
1000000189450
1000000044613
1000000180749
1000000134065
1000000271514
1000000092277
1000000406166
1000000939334
1000003156192
1000002894029
1000001084365
1000002952178
1000000111968
1000000106499
1000002918489
1000000055944
1000001839460
1000000173350
1000000102505
1000001025105
1000001206568
1000000301464
1000000153457
1000001106285
1000000054886
1000000146332
1000000162110
1000001238839
1000001550548
1000000062504
1000002449429
1000000178351
1000000115229
1000000120706
1000000168951
1000000558158
1000249399679
1000000898338
1000000060199
1000000135605
1000000062403
1000000442794
1000003007383
1000001558108
1000000553607
1000000148047
1000000104965
1000048925381
1000002954074
1000000056010
1000000903230
1000000138895
1000070040693
1000001029019
1000000138864
1000003314266
1000000168953
1000001164653
1000000133997
1000000297514
1000000030305
1000000198590
1000001861519
1000001067764
1000000456971
1000001159561
1000000172385
1000000224462
1000000040545
1000000172174
1000002953995
1000001106179
1000001154557
1000000298204
1000000146598
1000000453913
1000000160906
1000002757697
1000002768922
1000000139590
1000006667566
1000941125358
1000000419153
1000000138884
1000002132500
1000000185690
1000002812110
1000000053461
1000000206546
1000000074004
1000000178751
1000000055948
1000000046663
1000000109294
1000000145624
1000000135830
1000000040095
1000001824907
1000002953281
1000000399747
1000001283510
1000001067583
1000000398693
1000000438934
1000000146612
1000000185534
1000000168231
1000000280495
1000001452081
1000003027886
1000002425991
1000000133861
1000001268683
1000002713482
1000001567544
1000000456998
1000375216670
1000000074178
1000001083334
1000512552945
1000000074845
1000000542785
1000002349984
1000001480431
1000000058050
1000002171492
1000000192779
1000002307203
1000001999686
1000000193260
1000000049903
1000003005198
1000000076352
1000033003571
1000000150417
1000000149995
1000000279204
1000001127182
1000003354170
1000000122855
1000000152615
1000000153692
1000003251295
1000000163183
1000000287072
1000003019382
1000000043983
1000559621143
1000002247211
1000000224922
1000000542792
1000001428125
1000001163974
1000000185241
1000000104725
1000001923929
1000002732849
1000000167680
1000000166739
1000000085626
1000002952224
1000001019713
1000000279163
1000000116875
1004703444599
1000001820891
1000001503354
1000000442737
1000000186984
1000000107976
1000003226004
1000003016826
1000002713205
1000000042659
1000023571101
1000000178176
1000000056100
1000001826074
1000000303427
1000000055623
1000003254946
1000000059839
1000000132556
1000000120580
1000001154469
1000475555429
1000001741311
1000119581355
1000001410876
1000006838330
1000001188386
1000001243590
1000000153120
1000002789106
