2202162
122806
1337
0
-5
406831
3654543
1217162
202905255
531495
1794561
1232837
91906
74719
965761
3158121
40784
368650
57881
3241960
55189
91246
145207
1077290
2531584
1083334
136712
2805169
1204465
1107720
1107710
163601
53439
1824937
1283449
74174
3358794
393835
223026
113532
2132500
2947114
195289
4351432485
56203
57960
897984
969268
3293501
2884093
149432
43872
1029017
2907653
3763647
1004254
7463
3357549
2369652
1920901
145158
2954777
279418
27308737
149192
1353532
3348459
2917182
55390
131393
59161
172627
556075
1157709
146332
1805044
114883
145813
2755967
157221822
55885
53860
4348295445
2087675
1538253
231974104
1291589
1143143
419548
102272
1014017
3342023
1368798
53825
2247277
151929
1238839
134136
172059
536168
1286998
1156067
288758
54189
1430614
55109
120321
2950484
1013581
404940
1188473
288755
88084
2026458
412148
3009348
104501
1340091
646451
3015851
158878
3354399
2085649
411203
1452090
2429377
346134
123869
2689653
340611
1668045
279434
280269
2145734
271970
3018956
2094521
153133
152607
49915
1253405
152230
180048
536900
48927573
3012405
54767
1781733772
1166191
178009
1268502
160906
168231
134054
76931
2804536
1949374
1685906
43999
812623
55667
2451374
1374629
55909
2828625
1155794
1446283
170486
1629622
1016559
3011925
144626
420679
145518
169013
1016572
1453939
280325
1083109
7402
280254
55583
3354994
2917360
2563285717
106481
3019073
1120885
349015
2674666
1430508
134093
214396
135628
2117791
54737
3019382
945587
146745
1116270
1211145
166717
531609
970000
4189345
158951
1703756
550371
151148
6837681
3851570
120534
62717
2725478
535774
2451580
1440895
1079075
1395137
419550
4703402616
61423
1227118
2265849
40137
1550618
1824716
2981211
26487666
1744279
1197644
958677
154350
153493
1309066
153360
2674914
443174
108393822
2027869
74178
122382
562654
55079
3355625
3355312
114372
1333690
1067835
1361505
1764574
2947170
1740406
134010
286390
74090
55260
1337397
115079
1948243
123353
2425991
122418
132428
1122561
142013
85626
44012
1206570
2816505
156393
192801
240062631
58185
180032
280318
153470
1106408
107040
191696
1352398
2861745
110808
1942168
1164621
88607
1920539
3019589
1083099
2452287
1448559
2177266
138014
1828382
55163
123281
3009194
47608
2429069
307823
53391
1188419
410256
399747
2950481
194571
1550630
43858
1151588
3321090
45112
2918424
1429268
2952385
1830913
133861
1820891
26543901
2018151
1278326
9407
733759
3713815561
1324150
1016001
1078993
55818
2989158
58404
115129
1632167
2414646
1744281
102303
2171392
154109
202816646
1299536
55617
2247244
158866
4703444604
31172722
89395
136372
3019138
55392
69587534
144336
166739
55100
1279074
145312
1149379
153343
31010602
3307621
1164840
89257
172205
2918444
1272374
1388016
531409608
144399
370133195
153619
153035
1851826
154471
58140
2873244
1286942
3715845
111074
562958
2789106
73967
151103
2757697
542631
226968
122617
168240
153737
168209
305640292
1964311
153364
147968
139641
133914
145834
1268584
179509
89253
3006205
161648
105777
1013863
901578
134139
150499
1861591
969564
406470
812072
507415012
1043582
1085326
121027781
80413
241087
56325
55476
62649
373725309
142047
1084089
457025
1945133
910566
55871
192794
153475
3256164
545474
172202
3795031
3006874
131197
3218753
173351
74171
152233
2688911
1640522
437354
44874
294001443
1283510
1944643
142703
1326916
88627
4642463209
533681330
1346852
1150955
55578
1158568
1013802
279358
1993208
2531274
29989621
7381
47696
1204639
121736
215693
198269
1405479
3219173
157753
456810
2425988
3010391
897467
115056
185383
2755498
280628
3154524
44818
133147
58068
197564
2451539
185504
1120893
179364
5811955
2556598
1240194
138300
1281234
1900605
2951098
2460577
3246442
1106183
1342039
151120
1156116
3074390
131822
54819
55404
253985
72196
144788
56906
2436519
1540519
