-1.2856132 48.7944162
5.2176872 45.3905810
12.4349162 43.1396969
0.6488753 43.2518492
6.4337707 49.0805787
-0.1900089 45.0440650
6.5545204 48.8449163
2.0330676 50.8776105
6.5393666 48.8770243
1.8158199 50.5582739
29.4914038 52.3052199
3.9816730 49.8086269
1.0622764 44.7829976
-16.6214471 28.2935785
1.3889124 49.0600755
3.7019844 49.9655584
1.2342587 49.1923627
3.3184568 49.0660728
2.5767643 50.4751078
1.9884979 49.7006359
6.9415921 48.8572790
-0.4185410 49.1328932
2.3983906 50.0040546
3.0656918 49.8876378
2.7506699 50.1290374
-0.4410677 49.2553527
2.9531113 50.4189419
-1.8526580 52.4948994
21.3099405 48.8967450
1.0350852 48.7583216
6.1129268 49.1146144
2.5506432 50.4891389
6.0961405 49.1068291
2.8485048 41.9839498
6.1927584 49.2471679
-1.1836314 49.0824176
-0.4810938 48.9869073
4.9400345 45.4755216
2.8513966 50.2844013
-0.3391894 43.3220106
1.0388850 44.9743702
39.8949290 57.6401596
1.0222806 49.7611305
1.8436472 49.5217004
2.7015484 49.6594128
1.2606265 48.7739879
2.5513199 49.9284226
3.9365090 49.6600247
76.7705033 30.7351539
7.4611906 44.9829459
2.8595151 50.0437124
3.3714983 50.0487119
3.3191004 49.5445654
18.0293696 53.1297462
-84.4215481 33.7676720
4.8854623 47.2560162
6.3965868 47.2136915
20.2654682 49.8494740
1.6567920 50.5837673
5.8762345 52.0056641
5.4364318 45.5844510
1.4903935 43.4707239
2.2799047 50.8709802
5.2012739 47.0899332
0.8917732 49.0250231
-1.6925407 49.5932677
-0.8611521 43.2511735
3.9436183 49.9574075
-0.6979272 43.4290269
7.2654468 48.7360118
0.3149312 -79.4063075
4.5003943 47.3027985
2.5672533 50.2234030
-1.2574130 49.3488263
-101.6678503 19.1559561
44.6158662 48.7511371
-1.5778209 43.4379819
4.0002763 50.1673354
3.5359445 50.4468247
-49.7455347 -27.6890863
2.3744820 49.9406463
3.9394813 50.2023630
0.7178058 49.7578683
0.3942061 49.5831544
101.8721699 3.9738696
40.8035603 57.7818218
-1.6744481 49.6439029
3.2966894 50.3075600
2.7135646 49.6372527
2.9654423 49.5857372
1.7439234 50.5632158
11.1213712 47.4711615
3.0285165 49.9865732
12.5799624 42.0644081
2.6465356 50.1154653
93.8656411 24.7658245
5.3204194 47.3231690
-0.8664653 45.3229691
6.8911356 48.8550002
2.2251667 50.6568133
