174.8297629 -41.1118207
7.8459652 51.2941100
-3.4790458 51.4051788
14.7580724 40.6809937
5.7077672 50.6295891
10.1417244 50.0856281
6.4861511 48.4337094
-106.2720661 31.5722683
-1.0100983 42.8213014
-4.2923369 38.6597800
23.0427499 62.0105825
12.4258845 50.9836579
-21.4237500 65.0793600
-79.0487844 -8.1315623
-93.2698628 37.2673081
100.4922691 13.7240673
11.5808227 51.4941670
25.4153809 -29.1166865
3.8048415 49.6108056
-93.3384770 44.9511914
158.3600161 54.5997232
4.7425340 52.6371684
-77.4315633 37.5606069
-81.9766564 33.5038338
6.1614217 47.9597882
-106.1383461 36.2009872
-44.0383613 -19.5643740
21.9361876 47.0420170
11.4855817 44.2424794
-121.2656893 38.0394259
-99.2983462 49.6422497
-99.1349094 23.7724781
9.3565927 52.4546406
-47.1771169 -22.9465705
-117.0199031 33.0042268
12.9094298 51.6100870
15.8881593 38.3724903
3.8914999 51.6990000
-93.3166700 44.7499960
64.2036609 53.7994616
-3.7752126 50.4771209
-81.3883078 32.3432661
-77.9659585 33.8479563
44.0051950 56.3999552
-74.5284524 40.8177263
2.6008634 48.9538367
10.3594015 49.9975347
16.4101047 59.7189774
7.0216258 45.0411266
-92.6226016 31.9228797
71.5852479 42.6965280
125.2933056 43.9459419
-122.9129786 49.2182445
-122.5407111 37.9804786
0.0225603 51.3130691
-58.0042290 -30.7609904
-110.9887018 31.4433412
47.4916598 42.9795721
-79.8244787 40.1148564
-46.8898310 -23.5331304
115.8630184 -31.9274140
-104.9621242 40.5025177
43.8749182 42.2267358
8.0209874 48.7926416
-77.6331064 39.0072200
-73.2924610 40.7610740
-0.2598516 39.1696796
-86.2541085 39.7938739
125.3852442 58.6509484
5.4965159 43.2992708
12.4119501 48.5649966
10.9578315 61.2571337
-87.6100866 32.6884085
3.2872208 48.5528781
-80.6636195 28.1932199
-48.4404130 -1.3569318
24.4548843 43.4638733
107.3747219 -6.9830560
104.1589610 30.7158576
77.1739939 28.7175059
-96.8623428 49.7221225
115.9551220 28.7002977
-91.0006671 38.5339244
71.0719367 26.8892314
-71.1896522 42.3390042
40.9796413 53.5108903
-8.5562258 43.2553537
-85.6155468 43.1950485
10.3956735 55.4046916
42.1918152 56.9402578
9.2486855 48.9624110
-76.5304080 43.2487997
-64.5685178 47.9420610
-6.1676047 53.1322160
8.2837847 45.0846306
144.7606708 -37.7849514
-101.2074808 19.7400177
41.9380783 57.2238559
9.5945395 45.5206002
34.5515560 49.5648719
46.9646374 39.7373410
9.1670746 45.4995964
7.9927638 45.4063968
-93.1871961 43.1453104
41.4935226 51.4549474
24.1727424 48.7982068
144.3537247 -38.1353855
-0.0345153 51.4697877
-119.1750085 35.3552880
16.9477095 52.3850746
4.2884609 49.6483645
-96.1006665 36.1511296
-47.6069631 -21.2117687
-76.3027464 37.5524520
-96.1489907 32.5182107
1.2012310 45.5018263
-93.6421997 33.7243807
-80.8402852 34.9413600
-100.1921486 25.7213109
1.5372857 43.5894698
-84.5925273 33.8232430
-0.2988386 38.7880092
11.0809238 59.2835833
-78.5127296 38.0244277
-91.5259596 40.0082438
-1.9701212 50.7429047
-79.8172780 43.3142614
2.4785700 48.3863899
98.8608334 26.1560409
-86.5576887 38.5216066
-81.2622894 28.4857886
14.5404436 45.3404471
-119.8111596 39.5539196
14.9917552 40.6224770
0.0111244 51.5758241
16.8557922 51.1890711
15.5193278 0.8372595
-76.3732957 38.0982418
-90.9003008 30.4129825
-114.3389596 34.4977823
174.8805676 -37.0261929
-94.0086189 44.1613555
19.2091415 53.7001406
-116.4036596 43.6312746
9.1137709 49.1161697
29.6258675 62.3218050
-84.0783494 42.5993134
-115.2604262 36.0453047
13.7617352 52.9166653
20.4025717 53.6571240
-70.9162851 42.1402812
121.5696254 25.0484239
114.9056856 26.6938830
-2.5469344 43.2606820
8.1480345 46.3822351
-85.4163838 41.3939251
77.5667279 12.8650591
-77.7029185 42.5547497
-51.9920591 -25.1883470
-107.8492521 43.2888473
-77.0151714 -12.0641034
8.5400477 49.9895042
-100.0366054 37.7614057
153.1009723 -27.6701574
-10.1312983 53.4551523
9.0785236 45.7373604
-93.9783214 38.7470952
1.5994763 46.4374835
-121.8094484 42.1915338
-112.4767307 40.6121132
-82.2573854 34.4351163
44.6305890 42.7717060
-66.9546729 44.8124332
5.7145769 47.3648502
-71.2134225 42.4547702
-78.6363601 -1.2951933
11.1763767 46.6666605
-8.2481270 42.6718669
121.0044392 24.8412976
12.3710452 52.5075495
-85.9579040 42.2244140
2.2518060 48.8673833
-85.7556280 35.3427610
-92.0059217 40.8910728
-122.8148607 49.1851921
8.4377830 52.7931878
3.1376146 45.7557255
11.7718417 44.2568141
140.5954799 -37.6444200
-78.5880360 35.8967788
-0.0886326 52.3758039
0.5106524 47.3693397
-90.3644010 42.8302712
-82.3744042 23.1159335
23.5540576 41.0837094
12.6024321 41.8635114
26.9767630 60.7796000
-42.9566505 -22.4990821
-76.9946663 39.5589586
-123.5419135 44.4166031
-81.9579655 40.8259178
32.0106029 58.3669598
-4.5437431 42.0497473
-114.5435994 32.6387633
11.8985380 57.6325963
19.3136188 50.5745338
26.8449405 53.1484549
-71.3959852 41.9280321
5.3595641 46.4157284
-2.3710396 47.2809504
21.7476483 38.2685493
-122.3127718 49.1579071
-84.6621863 39.6183272
40.8460903 46.8826631
-89.9635084 34.8552682
-70.8618511 42.1507199
14.6834915 58.7502829
-2.1826109 53.5455712
30.3669119 50.3673912
-81.7283790 33.4486754
-111.8000260 40.4051220
5.1756932 45.7351800
-1.1449621 53.2058171
2.7834417 48.3963574
35.8351750 58.0353429
144.8962455 -37.8113501
28.8745071 47.0674976
-77.0630956 38.8360690
-118.8031774 55.1728083
42.1516503 55.3198594
-0.4484210 46.8970697
-121.0283979 37.7623591
-82.5511249 8.8488772
72.3096627 40.5009586
-72.4305655 43.5259887
4.5773579 48.2576580
8.5977127 45.7176699
-105.1802681 39.6987778
26.8558169 61.4170582
3.3981848 50.9306011
105.6045331 34.3004538
-1.4106347 53.1272268
-11.9137373 8.5515979
-89.5621230 44.5279710
-109.9505000 27.5070000
121.5347002 24.9782740
8.4714491 44.3018410
-96.6940184 43.4976258
-101.7009051 39.3512462
-80.1674298 26.4589235
-51.1798014 -23.2879932
-51.9259847 -18.9640878
-60.4389194 -34.6414660
-65.6919360 -17.7095566
-113.5399294 53.4606448
48.5224084 36.6908963
-93.1544425 41.8276614
-79.4990528 43.6610486
-58.4689369 -34.8311418
36.4490237 45.3532517
7.7496595 50.1689433
-3.2143039 48.8346273
11.3371263 44.0336675
-103.7030334 20.7022880
-78.5544329 35.8500103
2.5062379 50.4697162
117.5318905 36.9870253
12.6260366 55.6246749
24.5769086 45.0479746
5.2146449 51.9539249
21.2774073 49.2904652
14.3154581 41.0706827
14.8899497 55.2109393
35.2778456 33.0169074
-99.9863114 20.4409967
-0.0127980 38.7410525
-75.4158083 40.6435340
9.7424210 51.0826665
-85.8719543 41.2223233
-80.8481855 28.8409152
-5.6224979 36.8390935
-1.4541462 43.4403005
-79.1109157 44.1023347
-105.2546033 40.0087510
-1.7639669 16.9385312
-52.7230225 47.6983259
100.3714869 6.1024515
124.3354041 -8.2898749
-80.3586934 33.8333035
124.5095795 -8.2063064
10.3239508 54.1661351
-1.6153178 48.2598413
22.2059297 44.0719989
39.6320225 50.7752748
-1.4443610 49.3117966
0.9920483 48.3087458
-6.7603745 62.0101865
-7.2834416 54.8913652
-82.0010030 29.6091037
55.8264772 -21.1609038
23.6952733 38.0713682
14.3325873 51.7600554
10.8950217 50.9018071
-48.5781941 -25.5769142
-96.8521601 40.9588861
-1.3930278 50.8900408
-113.5078594 53.5448458
-86.5743464 36.6311498
96.0493099 16.8869125
-90.3141382 43.3839639
13.7682345 45.6489852
-58.8176483 -34.6747339
8.9335951 44.4130911
25.3358318 42.1979744
-118.0755261 34.0834762
-87.6201231 34.7404295
-76.6104117 46.5827946
-75.1250091 39.9963530
6.3964676 51.2221929
116.0839397 24.2827129
-1.5688870 53.4763973
10.6263688 53.7525056
-70.6847011 -33.3829324
-65.0652967 -42.6152400
-85.0087451 10.9227607
-79.4088587 43.6609427
11.9157775 58.1120678
0.0489761 53.4238977
0.5379482 51.3955587
12.4199628 45.4842508
0.4462027 50.8399090
-81.7870554 28.4935184
-88.8970538 43.5769316
-1.4809565 54.9934083
12.9912153 52.1160357
-74.2572775 41.1016496
-3.1716282 51.4987947
-88.4210355 41.6548180
-123.5516672 48.9820589
4.3945656 51.2172662
7.5419034 50.4357461
-111.8577721 40.5022879
4.2063461 52.0239347
-83.4484544 35.2663386
6.7529948 50.7332445
-111.9240439 40.8775870
10.8959864 57.2515367
8.4840445 47.6239941
18.6307757 59.4082775
-71.0938410 42.3432059
8.3206823 51.8450643
6.1922238 50.4487797
-4.1309343 41.4495494
-74.4754418 46.1830408
-79.9651043 35.9536967
-70.3480024 41.6637975
55.9043676 53.6075405
71.0050795 33.0315545
12.9855328 41.5484903
-84.7374101 45.7848303
0.2027191 46.0320587
-94.9635675 38.9807648
6.3765820 51.1104307
47.9836225 46.2744338
-82.4991103 36.4436334
-123.9519762 45.2031091
26.4865743 46.4696648
128.4911848 34.8896874
80.3778486 6.6097029
-3.9548046 37.7691213
-81.9762823 8.5037686
-73.9307744 45.5700107
16.0644238 49.2326502
3.0363969 46.0830046
-53.3149245 -23.7281602
-4.6104053 41.0385812
-77.4174660 35.5718282
113.6674432 22.9167380
-47.5670583 -0.6118217
10.1010684 52.0729706
-89.3246600 37.6280805
73.6426554 29.7069644
-1.5781094 55.1348033
-57.6108292 -37.8891352
-85.7669950 34.6762899
18.4995831 -33.9832228
-2.9972861 51.2415314
-74.9170611 40.2462720
120.9727464 14.4402847
27.5252146 -25.6617589
149.4152020 -36.0993655
10.0803350 59.5272702
46.5519621 33.6674140
142.0269047 -35.1449840
-94.4751462 18.1342436
23.5058334 50.5683333
7.7777724 47.9571324
18.5183515 47.0307494
-49.3864975 -28.6668360
-106.8623473 28.4087815
127.6512251 34.8135265
-147.2407818 64.7750145
70.9377119 27.0568054
1.0564056 49.7050608
-78.0003171 42.7096643
-13.4166670 9.7276609
8.2229277 47.0866418
6.9256786 46.7005065
4.3134830 51.9747824
-72.8123782 42.7638265
-0.4116860 44.9123248
15.4199483 53.1785453
108.2576753 10.9537912
5.5482244 51.3754364
61.2612294 55.2658480
-42.8657370 -20.7462894
35.4833330 29.9833329
-8.0223369 41.3765092
-100.3251270 37.2420010
4.6672890 13.0380840
18.2464771 51.1733650
-86.6462381 36.6438160
-52.9695929 -26.7011135
8.5455506 48.2832954
14.3487448 50.9008447
-75.9839366 20.2042636
7.4027279 47.0836937
18.8092329 48.3944710
-123.4482346 47.0119218
-48.3200459 -18.9342252
-96.3098456 29.2287640
19.3876946 47.4342602
-95.0990406 33.0854844
15.6225959 47.9085374
-85.0554461 33.0282504
-74.0785939 40.8910391
-1.8604070 53.6409135
6.7545604 49.0469636
11.0740417 51.3950103
46.5477943 24.9856690
13.9357414 48.5629171
9.4034069 51.0342974
-78.9049374 35.9832317
-61.5565593 -30.9512916
145.8203429 -41.0426984
21.6067893 51.1492079
106.1951199 15.7198800
-63.7059953 -8.7960212
-80.4268246 25.5978815
-3.9448784 56.0986058
2.5848812 46.3592759
-122.0703913 37.5830044
7.1693819 51.2463352
-71.3445436 42.5592539
-2.6842409 52.9695925
0.6868202 46.9543780
7.6548729 50.6865187
25.9500186 44.4562890
-78.7359382 35.7208262
-8.3768286 42.5068880
32.2130929 69.2475103
11.8618510 57.7582928
-72.1523756 45.2778929
-111.0001146 34.3010268
-89.3946132 48.3271964
-47.1860891 -22.8566496
-1.0834194 48.5864481
17.2944225 49.5639834
6.6922829 45.4535186
-71.8415932 19.2327966
-82.9672334 42.5203316
-1.3019559 40.6552337
14.1638495 51.3976607
125.5400833 9.1263584
-80.2864515 40.8617302
1.5883850 45.7052950
2.3819089 48.9517328
-85.0419244 41.0629267
-0.5571425 45.4653758
-81.9213822 29.6416897
4.9663894 43.5109880
8.0212413 58.1681894
-93.4248378 31.3687016
19.9415387 52.3699668
1.8818930 43.5700510
27.5482313 -11.7682933
-2.9858925 48.6163786
8.2168367 48.1202347
2.3199588 48.7439709
105.2832945 29.3421447
-92.3484098 34.8756612
-70.7657941 -33.4889721
13.0423182 41.4058234
14.3846863 41.1755332
-43.9872644 -19.9576789
-42.1790036 -16.6182716
48.1332832 46.3652352
18.4869142 -34.0778750
138.2278414 36.4496403
-80.1966849 26.2938788
139.5555607 36.2768870
9.1616738 45.8482850
8.3000073 52.1019973
-112.7642888 33.9606184
-121.5193534 45.1895076
-3.9998509 40.7122143
-97.1543595 32.9774729
-1.4211552 54.8759528
8.1481417 53.1473083
49.0585667 34.3953934
73.1293384 26.0551000
29.0238317 41.0686019
-86.7733757 33.8713864
-84.1340224 35.9475832
3.7525634 45.4604453
-47.1782885 -22.7293991
100.4733971 5.3179715
14.8386537 51.2880775
-119.0497120 35.2933979
5.7538767 45.7495025
0.4564895 40.4549823
-75.1722443 39.8432582
4.5658074 45.4984950
73.4198059 33.1120241
3.4429060 48.2802067
11.6217531 52.1729778
121.4387003 24.9743582
145.4696815 -37.9370108
-2.3374512 47.2669229
-77.0968426 39.2901816
-104.7752783 48.8903209
16.8712014 41.1247739
18.9187257 47.3090281
-98.2783798 45.4439563
-42.9601843 -22.8410559
127.4300634 36.3670118
-6.4592976 40.4194553
18.1208956 54.5904525
1.8089892 43.6915513
-4.8069946 55.6450413
81.4979741 7.6672631
4.0207360 44.0385164
42.7284682 49.5714758
42.1363982 46.3441800
-86.6751185 33.6538075
-46.9788562 -20.9033746
106.9177328 -6.2200670
21.2922786 55.5944771
2.0360128 44.6083094
17.8699195 52.8373490
25.6293907 42.9931885
8.0552079 52.2114167
5.5048305 46.8265563
3.1935723 43.5261197
8.4591145 49.9938102
27.4923177 57.9134225
109.4966066 25.3641024
146.1677970 60.9008290
-49.5113814 -16.6446221
-77.8079461 -0.9072001
8.2611957 44.1313973
109.6283330 -7.2333330
-75.8151818 40.2154590
120.9574650 15.4482428
9.3768757 48.6460633
-3.7125443 40.4426549
91.0984149 29.6489078
13.1567477 55.6662854
-93.2103053 44.9611655
12.0503364 50.9194393
-61.6245120 16.2603037
-54.2009213 -23.0692582
28.9950782 53.8268481
2.3105314 50.7347500
-123.0367335 47.0311465
0.9589724 48.2161818
37.8341493 51.3198654
-4.1821711 50.4118676
-108.5169859 39.0351287
-85.2318430 39.0957819
14.2827428 61.4912509
-4.3020667 40.3858644
3.6643315 49.5286705
-3.6702085 40.1797636
-49.2769448 -16.8323283
-4.2172144 55.8098286
-100.2241723 25.5473439
51.6510176 32.6324928
-93.0249238 36.1490599
36.0428077 55.9882989
-72.5985760 18.5211580
-68.8529168 -32.8624903
-10.7738505 6.4393661
21.2256961 52.1302352
-48.4895168 -27.4423278
-85.6979965 32.1101331
-82.2333438 26.8851557
-85.8785698 30.7549648
-118.4096861 45.4312173
9.0923073 47.3243512
-81.5525441 41.1313061
-93.2135145 31.0641001
11.0565761 50.8684641
-81.8851869 39.0261145
-1.3281870 51.4088430
25.5750601 57.3314939
56.3120764 58.0294418
29.2650199 -24.2906461
50.7924997 32.2174288
0.2874519 44.2524104
-74.5944370 39.9185288
-80.0987240 40.6124312
9.4389815 52.3249660
6.1671689 49.3602461
-114.9703580 36.0785025
-117.7844836 33.6868678
105.7408228 -6.6904435
23.8366352 38.0175945
30.0521940 50.3486524
8.0981248 47.9400405
8.1913342 45.0549391
-89.3630492 13.7142498
9.8987712 52.4453430
6.9083528 43.7965847
-45.5422746 -5.1787007
-86.6443541 31.8169660
-89.9641778 29.8699412
9.5061515 48.9206372
15.2735292 52.7992786
-84.6306479 39.1366546
10.8697410 49.6449457
-71.5155269 -16.4168994
2.3466613 48.9051825
-78.8484349 38.3995880
10.8696615 44.4898828
-84.2545330 33.7843049
-85.2097081 32.8459703
-111.5422592 54.1368699
30.7000000 1.0333330
2.9876542 42.0848046
-84.9460681 45.1508038
15.3828871 50.0547017
-1.3119028 54.5101010
-46.4485218 -1.0844800
-121.5295580 45.6976643
6.0345837 53.2510775
88.0195223 53.6935995
-75.3050022 43.0683935
18.8798126 49.8778149
-108.7214135 52.7604448
-0.7452039 52.4061195
-48.0728053 -16.0194092
-72.0273254 44.2742371
-79.7691155 35.2812534
5.7658934 49.6994318
10.1871728 45.5373301
9.3720219 45.2495369
-78.7979336 35.9087164
13.3344390 46.0574920
-66.8996921 46.3970004
10.3594752 60.1913238
8.6526031 48.7936809
-83.4939267 42.6200732
22.8953654 40.6690104
-78.9024555 39.6557704
0.9122241 52.0629753
78.3100254 54.1109651
24.8912488 60.6173865
-81.7673621 26.3073760
-95.7832468 45.8287677
5.5908985 50.0770937
30.3148132 59.8521259
7.8760422 48.2840440
-77.1011341 38.6491893
-43.4238147 -22.9683875
4.9369226 45.6083511
10.7362590 46.3064390
0.9927169 52.8707542
-55.4636746 -10.7910942
5.2861503 45.2721246
-84.7525063 33.8805223
-0.5439859 47.4681218
-0.2429191 53.5733334
-97.1780157 49.8087483
-2.4848532 52.9050797
-80.5819889 28.1191934
-122.7195770 38.4486649
-43.6495350 -22.9320727
0.4654800 51.5632691
-90.0353310 35.2126764
-0.7853292 50.8650009
-97.9683126 30.3881415
8.6982255 52.2203918
-80.9706007 32.2488828
11.4437605 48.2385704
7.1054440 48.8962365
10.7060268 43.8958377
145.6777103 -38.0894803
3.6893941 51.0270178
-96.0408855 36.0364968
25.4127600 54.7326520
30.0560072 -4.9024798
13.2063457 52.6397446
4.6978979 46.9745241
43.1317019 44.2269701
5.9648103 52.2137546
-0.5967619 49.2511772
-34.8498693 -8.0015029
-3.0976122 38.6461283
11.1499899 50.4248680
-5.8216969 37.6157762
3.7538896 45.0798935
-81.2990459 28.5323497
-93.0101143 34.4592214
2.2857762 49.8989605
5.0369375 45.0597671
-117.0729039 34.0246031
7.7671399 49.5035329
-94.0690772 41.8422161
10.3622643 48.3585205
15.9383658 47.0324545
-63.9948357 10.7790831
114.0175525 22.5502755
-117.7606282 34.0456242
-86.3755671 39.6884760
23.6156385 61.6049647
-76.3759724 41.0374788
52.1291928 53.6557658
9.0495390 47.5528306
-93.0313633 38.6446794
-7.1050726 40.4161797
0.2338411 43.2732771
-65.1397419 -28.6407633
-46.4697497 -23.6189333
-97.3840250 32.6345375
-64.4987746 62.3689451
5.8733137 52.1184938
-80.2129680 26.7995393
95.9951986 57.3891683
30.1043291 -25.4159469
12.9623704 57.7108779
-77.2551693 38.8046176
-83.1303561 42.2942498
-43.8982300 -19.8705197
134.2569905 34.3200026
5.3991627 51.4256648
-66.1374562 18.4490087
-122.6147833 45.4258565
1.2042650 41.5200549
28.2133683 64.2784235
-80.7561515 40.7745062
-1.7261338 53.6385556
-9.0981016 38.8364747
2.4395494 48.6534302
-65.0177128 45.9659064
16.6324658 60.8521779
27.2562641 40.2469518
19.9445271 49.9367146
12.8847285 41.8431093
-42.5163463 -16.5460695
5.3116100 51.5074600
121.4757991 25.0507780
-76.8233383 38.9095105
5.8703238 51.6095504
30.2803571 46.4082269
-90.1220039 32.2713944
21.7182194 47.8771099
-77.5210240 37.6648940
-114.2920303 32.6808140
-6.7216985 42.0914989
-122.3473354 37.9079491
-0.3186030 52.6826033
-94.7073899 30.4641838
-84.9777319 35.9117350
22.0267814 4.6979596
11.3559994 49.1678366
49.2171016 53.8758136
-96.0976402 34.3630837
14.5251697 49.6803580
-75.3662993 39.8572223
20.9648743 44.3657278
-79.6378257 41.0650629
-97.4174791 32.7097838
-80.2673153 40.6768898
-78.9008714 35.1584778
-7.0889107 52.5620064
11.8272418 51.6508966
-1.6371628 53.7076703
114.6513999 -8.2871000
4.7677643 45.7444074
2.3233784 47.1327469
30.3071477 60.1996138
27.9830198 -26.0071084
-4.2642955 52.2407941
-81.2172587 29.5458802
-7.9648971 42.9406783
-84.3927003 33.8820677
10.9060503 50.4195696
18.4047740 47.1594032
-94.2187690 30.4014279
-9.6761769 52.2793695
-74.9569371 39.8581849
-92.8878231 30.9028040
23.6076578 56.9448525
0.3778879 51.3903357
-5.7504352 37.3416689
-1.2320111 47.3085640
24.4729720 35.3675595
-99.1386594 19.4258849
-75.3325685 38.1695171
5.7758258 43.2029685
-98.2575090 32.6936780
23.7144252 37.9151878
-48.6905633 -21.2660007
-118.0586297 34.5568100
36.1390412 51.8082142
-104.8132522 40.3989893
-88.1318746 35.6597175
7.8843253 49.0908802
-150.7123881 65.4884273
11.8477639 47.3261705
-90.9744039 45.9302540
122.1333330 -4.8000001
-90.1949460 43.4322630
-102.3965622 37.5593419
-2.4836630 37.2226856
11.9781778 51.1866715
7.6575851 44.6441800
-78.6130636 35.8945213
58.4275852 23.5908021
9.5634251 46.8970804
12.1281202 47.8697752
-80.4079417 27.2774595
110.3960504 -6.9793793
6.4858441 52.2459953
150.9251414 -33.6800381
6.0974706 47.2672686
133.5567565 33.9828687
-76.6067006 39.2948311
-72.5027947 48.3640779
-4.9410325 42.5142306
-116.0184854 48.6897274
-2.9074544 57.2350028
5.1505150 51.5840100
-72.9137223 -41.3830476
150.7224791 -34.0736850
0.0126766 51.4921941
14.4403592 46.0098447
-75.6855759 36.0567415
2.5142876 42.7950112
31.9341110 36.7586953
121.5818461 25.1306476
-7.4700217 43.5156032
-113.2693822 52.7958726
-2.0468807 48.0178594
-78.6595200 -1.6579401
3.2272747 43.3992617
45.4624758 35.5747970
-2.6027663 53.8287218
9.2120249 45.5583375
-79.9577582 37.2192398
14.7170776 41.0191580
118.8561890 36.0316118
0.3521217 43.0739731
120.5695449 31.3215195
-74.0258653 40.1455404
39.8227785 57.7254740
-1.5042953 12.3518803
21.9778370 53.3481933
12.0380367 48.9551322
-85.3320915 34.4925088
8.0082688 50.8315917
8.5722080 50.1672827
-1.2276807 38.9549252
26.3992004 63.5066327
18.6865918 50.0402057
-90.1857860 14.5255961
9.8111402 48.0941737
48.7154275 34.6776119
13.2327414 -8.7849088
-3.6037706 56.3092885
9.6536844 51.1339095
-81.6767990 46.3032759
-43.3453163 -22.8311637
-51.1708433 -29.6452555
-87.4972525 37.2989395
152.5843634 -25.7309973
97.1156720 72.3225378
-85.8892404 38.1190819
-0.7407617 45.7434054
-81.0736914 36.0962434
-95.4552111 30.1445080
-111.8924914 40.4819120
-0.9192294 53.9825760
-0.8547961 41.6569962
4.8372775 44.7729607
14.8053637 50.8515832
-6.4561619 40.8914246
85.5776188 20.8075329
3.3166670 7.6333330
-85.4987120 39.5502610
-88.1605495 30.6929026
-6.6533995 37.5709576
-93.1014160 45.6661634
17.3316635 51.4839547
-93.6680372 41.7383598
-81.7013144 41.2826640
-88.0145235 42.9837387
-119.0405158 35.9387978
-0.7518859 37.9471126
16.5492698 41.1305467
23.6613573 37.9688834
-80.3104480 35.7927829
1.7938794 49.8678094
-77.6321325 39.1489312
-97.5384488 35.6701086
-70.8795610 42.2363049
2.0343919 50.0850503
-86.5730501 38.7754965
-0.8117613 52.0599648
-76.2421835 40.0136153
43.0982661 44.0335234
-80.1614791 26.3809014
-90.3276086 30.9234595
-8.0140042 12.5993773
-88.2696906 41.9285311
-1.6399541 54.9455684
42.0544342 44.2260779
9.3236225 49.0212365
-0.6455927 44.7981663
-104.7933249 37.6240863
-36.5422150 -9.6646269
-93.3021061 43.8739599
23.3619289 49.3407813
11.7669864 51.2143222
-121.2882078 49.4975549
-5.2421285 37.8780543
-78.9909385 43.0810631
-84.2371548 39.8290654
-50.0025366 -24.7696407
-12.1297148 8.4042241
-109.0003013 32.3438677
148.5451938 -33.5606791
-112.4130360 46.5587187
14.8232928 48.0583731
117.0111616 23.6342135
14.0859363 41.6235769
-75.8318532 46.1731658
-92.8050501 34.3500076
39.5302780 24.0288889
0.6508785 43.9346777
-86.3545230 37.6419759
121.0325514 24.9904991
-112.2198469 33.3845999
-118.1894851 33.7783003
29.0830566 37.7780620
4.9042617 45.3115939
11.4419615 46.4851017
2.2685632 48.7845099
21.7061209 51.8456216
-3.2154940 39.3868584
-121.2631842 38.6864221
9.4161121 45.5938118
-121.2806901 38.5986844
23.9700063 54.0194845
30.5908329 30.8944440
12.7456618 51.2957389
46.7725160 56.0326566
-8.9970129 38.9553933
-74.0017606 40.7376585
1.9416711 42.4845435
150.7298794 -33.7178885
-7.3732946 41.2915306
-92.9653240 45.1061470
-99.6393771 18.9635617
-121.8777349 37.8304816
-70.4518941 47.0594772
76.8257360 43.2570491
44.3592331 41.8715223
-92.7857400 32.6300244
37.8902337 45.2217610
-90.3298341 32.8155789
10.8317117 49.0693936
-1.5488785 50.7717348
-111.6959736 40.3253901
-86.3145918 12.1548412
-84.2406774 10.4007359
-1.5768498 42.2667627
25.8679767 54.3447859
-73.9668990 41.5091329
-81.7879523 30.2294666
36.9618106 56.1803184
-88.4310996 41.2375197
-57.9683613 -32.3926527
121.5462167 25.0004084
-72.9284656 41.2985154
17.2078048 48.1413688
20.6691839 49.6067199
58.3906348 51.6122721
73.9668809 55.0942799
