-1.2856132 48.7944162
5.2176872 45.3905810
12.4349162 43.1396969
0.6488753 43.2518492
6.4337707 49.0805787
-0.1900089 45.0440650
6.5545204 48.8449163
2.0330676 50.8776105
6.5393666 48.8770243
1.8158199 50.5582739
29.4914038 52.3052199
3.9816730 49.8086269
1.0622764 44.7829976
-16.6214471 28.2935785
1.3889124 49.0600755
3.7019844 49.9655584
1.2342587 49.1923627
3.3184568 49.0660728
2.5767643 50.4751078
1.9884979 49.7006359
6.9415921 48.8572790
-0.4185410 49.1328932
2.3983906 50.0040546
3.0656918 49.8876378
2.7506699 50.1290374
-0.4410677 49.2553527
2.9531113 50.4189419
-1.8526580 52.4948994
21.3099405 48.8967450
1.0350852 48.7583216
6.1129268 49.1146144
2.5506432 50.4891389
6.0961405 49.1068291
2.8485048 41.9839498
6.1927584 49.2471679
-1.1836314 49.0824176
-0.4810938 48.9869073
4.9400345 45.4755216
2.8513966 50.2844013
-0.3391894 43.3220106
1.0388850 44.9743702
39.8949290 57.6401596
1.0222806 49.7611305
1.8436472 49.5217004
2.7015484 49.6594128
1.2606265 48.7739879
2.5513199 49.9284226
3.9365090 49.6600247
76.7705033 30.7351539
7.4611906 44.9829459
