152753
2946393
1634158
3437391
62518
98279662
2952556
1231749
7409
261657499
62531
41038
152966
41256
1552192
44879
2956553
7446
367988
2137477
58974
406470
129814
52939
217419729
508103259
2697338
1413957
49898
71525
7422
252645
2989154
161033
6667566
182659
402056
190380
62638
421866
1942816
2465058
1785276
130072481
7448
122586
218896605
2953281
324211
73998
1567544
69376397
146498570
416216
74113
153619
27308495
969369
153497
28215857
48311069
192757
106879697
913012
153622
62631
547594701
167454
4097196
1293250
2952103
447871
37336039
1387968
1972004
231974112
1543125
420685
1993208
1804307
195271
153621
7117066
448660
2470060
177415
349027
912940
2712154
2954439
331414
3795635
7375
151234
373171673
282525
373748931
4189263789
253824
88081
